Method      M     tc    tol max_iter  tf comp_time
 euler     11  0.010 0.001000   1000  2.710 23.743
 euler     11  0.010 0.001000   2000  2.710 24.742
 euler     11  0.010 0.000100   1000  2.710 27.300
 euler     11  0.010 0.000100   2000  2.710 26.239
 euler     11  0.050 0.001000   1000  4.050 14.570
 euler     11  0.050 0.001000   2000  4.050 14.399
 euler     11  0.050 0.000100   1000  2.800  8.471
 euler     11  0.050 0.000100   2000  2.800  8.502
 euler     11  0.050 0.000010   1000  2.700  7.847
 euler     11  0.050 0.000010   2000  2.700  8.252
 euler     11  0.100 0.001000   1000  2.700  5.335
 euler     11  0.100 0.001000   2000  2.700  5.522
 euler     11  0.100 0.000010   1000  3.300 13.588
 euler     11  0.100 0.000010   2000  3.300 13.478
 euler     11  0.100 0.000001   1000  3.100  6.739
 euler     11  0.100 0.000001   2000  3.100  7.301
 euler     21  0.010 0.001000   1000  2.400 26.567
 euler     21  0.010 0.001000   2000  2.400 27.051
 euler     21  0.050 0.001000   1000  2.400  7.348
 euler     21  0.050 0.001000   2000  2.400  7.628
 euler     21  0.050 0.000100   1000  2.400  8.393
 euler     21  0.050 0.000100   2000  2.400  8.174
 euler     21  0.050 0.000010   1000  2.400 10.015
 euler     21  0.050 0.000010   2000  2.400 10.218
 euler     21  0.050 0.000001   1000  2.400 11.887
 euler     21  0.050 0.000001   2000  2.400 11.872
 euler     21  0.100 0.000100   1000  4.200 15.101
 euler     21  0.100 0.000100   2000  4.200 14.929
 euler     21  0.100 0.000010   1000  2.500  7.566
 euler     21  0.100 0.000010   2000  2.500  7.566
 euler     21  0.100 0.000001   1000  3.200 11.497
 euler     21  0.100 0.000001   2000  3.200 11.653
 euler     31  0.050 0.001000   1000  2.350  8.252
 euler     31  0.050 0.001000   2000  2.350  8.408
 euler     31  0.050 0.000100   1000  2.400 10.327
 euler     31  0.050 0.000100   2000  2.400 10.530
 euler     31  0.050 0.000010   1000  2.350 14.134
 euler     31  0.050 0.000010   2000  2.350 14.446
 euler     31  0.050 0.000001   1000  2.550 25.756
 euler     31  0.050 0.000001   2000  2.550 22.651
 euler     31  0.100 0.001000   1000  3.700 11.887
 euler     31  0.100 0.001000   2000  3.700 11.809
 euler     31  0.100 0.000100   1000  3.400 18.564
 euler     31  0.100 0.000100   2000  3.400 18.939
 euler     31  0.100 0.000010   1000  3.200 12.979
 euler     31  0.100 0.000010   2000  3.200 12.745
 euler     31  0.100 0.000001   1000  3.100 21.107
 euler     31  0.100 0.000001   2000  3.100 20.889
 euler     41  0.050 0.001000   1000  2.400 10.780
 euler     41  0.050 0.001000   2000  2.400 10.873
 euler     41  0.050 0.000100   1000  2.350 13.478
 euler     41  0.050 0.000100   2000  2.350 13.229
 euler     41  0.050 0.000010   1000  2.550 20.187
 euler     41  0.050 0.000010   2000  2.550 19.391
 euler     41  0.050 0.000001   1000  2.300 23.244
 euler     41  0.050 0.000001   2000  2.300 23.806
 euler     41  0.100 0.001000   1000  2.900  9.220
 euler     41  0.100 0.001000   2000  2.900  9.282
 euler     41  0.100 0.000100   1000  2.500  9.017
 euler     41  0.100 0.000100   2000  2.500  8.798
 euler     41  0.100 0.000010   1000  3.500 20.826
 euler     41  0.100 0.000010   2000  3.500 20.530
 euler     41  0.100 0.000001   1000  2.800 14.071
 euler     51  0.050 0.001000   1000  2.500 14.399
 euler     51  0.050 0.001000   2000  2.500 14.399
 euler     51  0.050 0.000100   1000  2.350 14.508
 euler     51  0.050 0.000100   2000  2.350 14.929
 euler     51  0.050 0.000010   1000  2.350 26.817
 euler     51  0.050 0.000010   2000  2.350 26.395
 euler     51  0.100 0.001000   1000  2.800 14.758
 euler     51  0.100 0.001000   2000  2.800 15.070
 euler     51  0.100 0.000100   1000  3.500 16.599
 euler     51  0.100 0.000100   2000  2.600 32.136
 euler     51  0.100 0.000010   1000  2.700 14.742
 euler     51  0.100 0.000010   2000  2.700 14.087
 euler     51  0.100 0.000001   1000  3.100 29.157
 euler     51  0.100 0.000001   2000  3.100 28.377
 euler     61  0.050 0.001000   1000  2.400 14.758
 euler     61  0.050 0.001000   2000  2.400 14.524
 euler     61  0.050 0.000100   1000  2.300 18.003
 euler     61  0.050 0.000100   2000  2.300 18.018
 euler     61  0.050 0.000010   1000  2.550 25.491
 euler     61  0.050 0.000010   2000  2.550 25.912
 euler     61  0.100 0.001000   1000  2.400  9.064
 euler     61  0.100 0.001000   2000  2.400  9.110
 euler     61  0.100 0.000100   1000  2.600 17.769
 euler     61  0.100 0.000100   2000  2.600 18.127
 euler     61  0.100 0.000010   1000  3.400 28.517
 euler     61  0.100 0.000010   2000  3.400 28.845
 euler     61  0.100 0.000001   1000  2.800 23.026
 euler     61  0.100 0.000001   2000  2.800 23.572
 euler     71  0.050 0.001000   1000  2.650 21.325
 euler     71  0.050 0.001000   2000  2.650 21.232
 euler     71  0.050 0.000100   1000  2.250 20.405
 euler     71  0.050 0.000100   2000  2.250 20.935
 euler     71  0.100 0.001000   1000  2.700 11.076
 euler     71  0.100 0.001000   2000  2.700 11.934
 euler     71  0.100 0.000100   1000  3.000 19.375
 euler     71  0.100 0.000010   1000  2.600 20.733
 euler     71  0.100 0.000010   2000  2.600 21.123
 euler     71  0.100 0.000001   1000  2.800 28.127
 euler     71  0.100 0.000001   2000  2.800 28.267
 euler     81  0.050 0.001000   1000  2.500 19.297
 euler     81  0.050 0.001000   2000  2.500 19.890
 euler     81  0.050 0.000100   1000  2.250 23.119
 euler     81  0.050 0.000100   2000  2.250 23.260
 euler     81  0.100 0.001000   1000  2.800 14.383
 euler     81  0.100 0.001000   2000  2.800 13.946
 euler     81  0.100 0.000100   1000  2.800 20.889
 euler     81  0.100 0.000100   2000  2.800 20.327
 euler     91  0.050 0.001000   1000  2.600 22.277
 euler     91  0.050 0.001000   2000  2.600 22.027
 euler     91  0.100 0.001000   1000  2.800 15.382
 euler     91  0.100 0.001000   2000  2.800 15.382
 euler     91  0.100 0.000100   1000  2.700 25.069
 euler     91  0.100 0.000100   2000  2.700 25.647
 euler    101  0.050 0.001000   1000  2.300 21.123
 euler    101  0.050 0.001000   2000  2.300 20.499
 euler    101  0.050 0.000100   1000  2.500 29.219
 euler    101  0.050 0.000100   2000  2.500 29.266
 euler    101  0.100 0.001000   1000  2.700 15.522
 euler    101  0.100 0.001000   2000  2.700 16.677
 euler    101  0.100 0.000100   1000  2.600 25.522
 euler    101  0.100 0.000100   2000  2.600 26.395
 euler    101  0.100 0.000010   1000  2.300 26.926
 euler    101  0.100 0.000010   2000  2.300 27.316
trap      11  0.010 0.001000   1000  2.260 20.467
trap      11  0.010 0.001000   2000  2.260 20.046
trap      11  0.010 0.000100   1000  2.250 24.165
trap      11  0.010 0.000100   2000  2.250 25.069
trap      11  0.010 0.000010   1000  2.240 24.820
trap      11  0.010 0.000010   2000  2.240 24.773
trap      11  0.010 0.000001   1000  2.250 29.734
trap      31  0.050 0.000100   1000  3.150 20.920
trap      31  0.050 0.000100   2000  3.150 21.513
trap      51  0.050 0.001000   1000  2.850 21.341
trap      51  0.050 0.001000   2000  2.850 21.310
trap      81  0.050 0.001000   1000  2.300 28.642
trap      81  0.050 0.001000   2000  2.300 28.782
trap      91  0.050 0.001000   2000  2.550 67.143
herm      21  0.050 0.000100   1000  4.250 24.523
herm      21  0.050 0.000100   2000  4.250 24.180
herm      21  0.100 0.001000   1000  4.300 12.121
herm      61  0.050 0.001000   1000  2.800 21.840
herm      61  0.050 0.001000   2000  2.800 21.731
herm     101  0.100 0.001000   1000  2.400 18.549
herm     101  0.100 0.001000   2000  2.400 18.673
