Simulation Time - Reference	
	Elevation (deg) - Reference
	
0	-27.5
0	-27.5
0	-27.5
0	-27.5
0	-27.5
0	-27.5
0	-27.5
0	-27.5
0	-27.5
0	-27.5
0	-27.5
0	-27.5
0	-27.5
0	-27.5
0	-27.5
0	-27.5
0	-27.5
0	-27.5
0	-27.5
0	-27.5
0	-27.5
0	-27.5
0	-27.5
0	-27.4121
0	-27.4121
0	-27.4121
0	-27.4121
0	-27.4121
0	-27.4121
0	-27.4121
0	-27.4121
0	-27.4121
0	-27.4121
0	-27.4121
0	-27.4121
0	-27.4121
0	-27.4121
0	-27.4121
0	-27.4121
0	-27.4121
0	-27.4121
0	-27.4121
0	-27.4121
0	-27.4121
0	-27.4121
0	-27.4121
0	-27.4121
0	-27.4121
0	-27.4121
0	-27.4121
0	-27.4121
0	-27.4121
0	-27.4121
0	-27.4121
0	-27.4121
0	-27.4121
0	-27.4121
0	-27.4121
0	-27.4121
0	-27.4121
0	-27.4121
0	-27.4121
0	-27.4121
0	-27.4121
0	-27.4121
0	-27.4121
0	-27.4121
0	-27.4121
0	-27.4121
0	-27.4121
0	-27.4121
0	-27.4121
0	-27.4121
0	-27.4121
0	-27.4121
0	-27.4121
0	-27.4121
0	-27.4121
0	-27.4121
0	-27.4121
0	-27.4121
0	-27.4121
0	-27.4121
0	-27.4121
0	-27.4121
0	-27.4121
0	-27.4121
0	-27.4121
0	-27.4121
0	-27.4121
0	-27.4121
0	-27.4121
0	-27.4121
0	-27.4121
0	-27.4121
0	-27.4121
0	-27.4121
0	-27.4121
0	-27.4121
0	-27.4121
0	-27.4121
1	-27.4121
1	-27.4121
1	-27.4121
1	-27.4121
1	-27.4121
1	-27.4121
1	-27.4121
1	-27.4121
1	-27.4121
1	-27.4121
1	-27.4121
1	-27.4121
1	-27.4121
1	-27.4121
1	-27.4121
1	-27.4121
1	-27.4121
1	-27.4121
1	-27.4121
1	-27.4121
1	-27.4121
1	-27.4121
1	-27.4121
1	-27.4121
1	-27.4121
1	-27.4121
1	-27.4121
1	-27.4121
1	-27.4121
1	-27.4121
1	-27.4121
1	-27.4121
1	-27.4121
1	-27.4121
1	-27.4121
1	-27.4121
1	-27.4121
1	-27.4121
1	-27.4121
1	-27.4121
1	-27.4121
1	-27.4121
1	-27.4121
1	-27.4121
1	-27.4121
1	-27.4121
1	-27.4121
1	-27.4121
1	-27.4121
1	-27.4121
1	-27.4121
1	-27.4121
1	-27.4121
1	-27.4121
1	-27.4121
1	-27.4121
1	-27.4121
1	-27.4121
1	-27.4121
1	-27.4121
1	-27.4121
1	-27.4121
1	-27.4121
1	-27.4121
1	-27.4121
1	-27.4121
1	-27.4121
1	-27.4121
1	-27.4121
1	-27.4121
1	-27.4121
1	-27.4121
1	-27.4121
1	-27.4121
1	-27.4121
1	-27.4121
1	-27.4121
1	-27.4121
1	-27.4121
1	-27.4121
1	-27.4121
1	-27.4121
1	-27.4121
1	-27.4121
1	-27.4121
1	-27.4121
1	-27.4121
1	-27.4121
1	-27.4121
1	-27.4121
1	-27.4121
1	-27.4121
1	-27.4121
1	-27.4121
1	-27.4121
1	-27.4121
1	-27.4121
1	-27.4121
1	-27.4121
1	-27.4121
1	-27.4121
1	-27.4121
1	-27.4121
1	-27.4121
1	-27.4121
1	-27.4121
1	-27.4121
1	-27.4121
1	-27.4121
1	-27.4121
1	-27.4121
1	-27.4121
1	-27.4121
1	-27.4121
1	-27.4121
1	-27.4121
1	-27.4121
1	-27.4121
1	-27.4121
1	-27.4121
1	-27.4121
1	-27.4121
1	-27.4121
1	-27.4121
1	-27.4121
1	-27.4121
1	-27.4121
1	-27.4121
1	-27.4121
1	-27.4121
1	-27.4121
1	-27.4121
1	-27.4121
1	-27.4121
1	-27.4121
1	-27.4121
1	-27.4121
1	-27.4121
1	-27.4121
1	-27.4121
1	-27.4121
1	-27.4121
1	-27.4121
1	-27.4121
1	-27.4121
1	-27.4121
1	-27.4121
1	-27.4121
1	-27.4121
1	-27.4121
1	-27.4121
1	-27.3242
1	-27.3242
1	-27.3242
1	-27.3242
1	-27.3242
1	-27.3242
1	-27.3242
1	-27.3242
1	-27.3242
1	-27.3242
1	-27.3242
1	-27.3242
1	-27.3242
1	-27.3242
1	-27.3242
1	-27.3242
1	-27.3242
1	-27.3242
1	-27.2363
1	-27.2363
1	-27.2363
1	-27.2363
1	-27.2363
1	-27.2363
1	-27.2363
1	-27.2363
1	-27.2363
1	-27.2363
1	-27.2363
1	-27.2363
1	-27.1484
1	-27.1484
1	-27.1484
1	-27.1484
1	-27.1484
1	-27.1484
1	-27.1484
1	-27.1484
1	-27.1484
1	-27.0605
1	-27.0605
1	-27.0605
1	-27.0605
1	-27.0605
1	-27.0605
1	-27.0605
1	-26.9727
1	-26.9727
2	-26.9727
2	-26.9727
2	-26.9727
2	-26.9727
2	-26.9727
2	-26.8848
2	-26.8848
2	-26.8848
2	-26.8848
2	-26.8848
2	-26.8848
2	-26.7969
2	-26.7969
2	-26.7969
2	-26.7969
2	-26.7969
2	-26.7969
2	-26.709
2	-26.709
2	-26.709
2	-26.709
2	-26.709
2	-26.6211
2	-26.6211
2	-26.6211
2	-26.6211
2	-26.6211
2	-26.5332
2	-26.5332
2	-26.5332
2	-26.5332
2	-26.5332
2	-26.4453
2	-26.4453
2	-26.4453
2	-26.4453
2	-26.3574
2	-26.3574
2	-26.3574
2	-26.3574
2	-26.3574
2	-26.3574
2	-26.2695
2	-26.2695
2	-26.2695
2	-26.2695
2	-26.2695
2	-26.1816
2	-26.1816
2	-26.1816
2	-26.1816
2	-26.1816
2	-26.1816
2	-26.0937
2	-26.0937
2	-26.0937
2	-26.0937
2	-26.0059
2	-26.0059
2	-26.0059
2	-26.0059
2	-26.0059
2	-26.0059
2	-25.918
2	-25.918
2	-25.918
2	-25.918
2	-25.918
2	-25.918
2	-25.8301
2	-25.8301
2	-25.8301
2	-25.8301
2	-25.8301
2	-25.8301
2	-25.7422
2	-25.7422
2	-25.7422
2	-25.7422
2	-25.7422
2	-25.7422
2	-25.6543
2	-25.6543
2	-25.6543
2	-25.6543
2	-25.6543
2	-25.6543
2	-25.6543
2	-25.5664
2	-25.5664
2	-25.5664
2	-25.5664
2	-25.5664
2	-25.5664
2	-25.5664
2	-25.5664
2	-25.4785
2	-25.4785
2	-25.4785
2	-25.4785
2	-25.4785
2	-25.4785
2	-25.4785
2	-25.4785
2	-25.4785
2	-25.4785
2	-25.3906
2	-25.3906
2	-25.3906
2	-25.3906
2	-25.3906
2	-25.3906
2	-25.3906
2	-25.3906
2	-25.3906
2	-25.3027
2	-25.3027
2	-25.3027
2	-25.3027
2	-25.3027
2	-25.3027
2	-25.3027
2	-25.3027
2	-25.3027
2	-25.3027
2	-25.3027
2	-25.3027
2	-25.3027
2	-25.2148
2	-25.2148
2	-25.2148
2	-25.2148
2	-25.2148
2	-25.2148
2	-25.2148
2	-25.2148
2	-25.2148
2	-25.2148
2	-25.2148
2	-25.2148
2	-25.2148
2	-25.2148
2	-25.2148
2	-25.2148
2	-25.2148
2	-25.2148
2	-25.2148
2	-25.2148
2	-25.2148
2	-25.2148
2	-25.2148
2	-25.2148
2	-25.2148
2	-25.2148
2	-25.2148
2	-25.2148
2	-25.2148
2	-25.2148
2	-25.2148
2	-25.2148
2	-25.2148
2	-25.2148
2	-25.2148
2	-25.2148
2	-25.2148
2	-25.2148
2	-25.2148
2	-25.2148
2	-25.2148
2	-25.2148
2	-25.2148
2	-25.2148
2	-25.2148
2	-25.2148
2	-25.2148
2	-25.2148
2	-25.2148
2	-25.2148
2	-25.2148
2	-25.2148
2	-25.2148
2	-25.2148
2	-25.2148
2	-25.2148
2	-25.2148
2	-25.2148
2	-25.2148
2	-25.2148
2	-25.2148
2	-25.2148
2	-25.2148
2	-25.2148
2	-25.2148
2	-25.2148
2	-25.2148
2	-25.2148
2	-25.2148
2	-25.2148
2	-25.2148
2	-25.3027
2	-25.3027
3	-25.3027
3	-25.3027
3	-25.3027
3	-25.3027
3	-25.3027
3	-25.3027
3	-25.3027
3	-25.3027
3	-25.3027
3	-25.3027
3	-25.3906
3	-25.3906
3	-25.3906
3	-25.3906
3	-25.3906
3	-25.3906
3	-25.3906
3	-25.3906
3	-25.3906
3	-25.4785
3	-25.4785
3	-25.4785
3	-25.4785
3	-25.4785
3	-25.4785
3	-25.4785
3	-25.4785
3	-25.4785
3	-25.5664
3	-25.5664
3	-25.5664
3	-25.5664
3	-25.5664
3	-25.5664
3	-25.5664
3	-25.5664
3	-25.6543
3	-25.6543
3	-25.6543
3	-25.6543
3	-25.6543
3	-25.6543
3	-25.6543
3	-25.6543
3	-25.7422
3	-25.7422
3	-25.7422
3	-25.7422
3	-25.7422
3	-25.8301
3	-25.8301
3	-25.8301
3	-25.8301
3	-25.8301
3	-25.8301
3	-25.8301
3	-25.918
3	-25.918
3	-25.918
3	-25.918
3	-25.918
3	-25.918
3	-26.0059
3	-26.0059
3	-26.0059
3	-26.0059
3	-26.0059
3	-26.0059
3	-26.0937
3	-26.0937
3	-26.0937
3	-26.0937
3	-26.1816
3	-26.1816
3	-26.1816
3	-26.1816
3	-26.1816
3	-26.2695
3	-26.2695
3	-26.2695
3	-26.2695
3	-26.2695
3	-26.3574
3	-26.3574
3	-26.3574
3	-26.3574
3	-26.3574
3	-26.4453
3	-26.4453
3	-26.4453
3	-26.4453
3	-26.4453
3	-26.5332
3	-26.5332
3	-26.5332
3	-26.5332
3	-26.6211
3	-26.6211
3	-26.6211
3	-26.6211
3	-26.6211
3	-26.709
3	-26.709
3	-26.709
3	-26.709
3	-26.7969
3	-26.7969
3	-26.7969
3	-26.7969
3	-26.8848
3	-26.8848
3	-26.8848
3	-26.8848
3	-26.9727
3	-26.9727
3	-26.9727
3	-26.9727
3	-27.0605
3	-27.0605
3	-27.0605
3	-27.0605
3	-27.1484
3	-27.1484
3	-27.1484
3	-27.1484
3	-27.2363
3	-27.2363
3	-27.2363
3	-27.2363
3	-27.3242
3	-27.3242
3	-27.3242
3	-27.3242
3	-27.4121
3	-27.4121
3	-27.4121
3	-27.5
3	-27.5
3	-27.5
3	-27.5
3	-27.5879
3	-27.5879
3	-27.5879
3	-27.5879
3	-27.6758
3	-27.6758
3	-27.6758
3	-27.7637
3	-27.7637
3	-27.7637
3	-27.7637
3	-27.8516
3	-27.8516
3	-27.8516
3	-27.8516
3	-27.9395
3	-27.9395
3	-27.9395
3	-27.9395
3	-28.0273
3	-28.0273
3	-28.0273
3	-28.0273
3	-28.1152
3	-28.1152
3	-28.1152
3	-28.1152
3	-28.2031
3	-28.2031
3	-28.2031
3	-28.291
3	-28.291
3	-28.291
3	-28.291
3	-28.3789
3	-28.3789
3	-28.3789
3	-28.3789
3	-28.4668
3	-28.4668
3	-28.4668
3	-28.4668
3	-28.4668
3	-28.5547
3	-28.5547
3	-28.5547
3	-28.6426
3	-28.6426
3	-28.6426
3	-28.6426
3	-28.6426
3	-28.7305
3	-28.7305
3	-28.7305
3	-28.7305
3	-28.8184
3	-28.8184
3	-28.8184
3	-28.8184
4	-28.9062
4	-28.9062
4	-28.9062
4	-28.9062
4	-28.9941
4	-28.9941
4	-28.9941
4	-28.9941
4	-29.082
4	-29.082
4	-29.082
4	-29.082
4	-29.1699
4	-29.1699
4	-29.1699
4	-29.1699
4	-29.2578
4	-29.2578
4	-29.2578
4	-29.2578
4	-29.3457
4	-29.3457
4	-29.3457
4	-29.3457
4	-29.4336
4	-29.4336
4	-29.4336
4	-29.4336
4	-29.5215
4	-29.5215
4	-29.5215
4	-29.5215
4	-29.6094
4	-29.6094
4	-29.6094
4	-29.6094
4	-29.6973
4	-29.6973
4	-29.6973
4	-29.7852
4	-29.7852
4	-29.7852
4	-29.7852
4	-29.7852
4	-29.873
4	-29.873
4	-29.873
4	-29.873
4	-29.9609
4	-29.9609
4	-29.9609
4	-30.0488
4	-30.0488
4	-30.0488
4	-30.0488
4	-30.1367
4	-30.1367
4	-30.1367
4	-30.1367
4	-30.1367
4	-30.2246
4	-30.2246
4	-30.2246
4	-30.2246
4	-30.3125
4	-30.3125
4	-30.3125
4	-30.4004
4	-30.4004
4	-30.4004
4	-30.4004
4	-30.4883
4	-30.4883
4	-30.4883
4	-30.4883
4	-30.4883
4	-30.5762
4	-30.5762
4	-30.5762
4	-30.5762
4	-30.6641
4	-30.6641
4	-30.6641
4	-30.6641
4	-30.752
4	-30.752
4	-30.752
4	-30.752
4	-30.8398
4	-30.8398
4	-30.8398
4	-30.8398
4	-30.9277
4	-30.9277
4	-30.9277
4	-30.9277
4	-30.9277
4	-31.0156
4	-31.0156
4	-31.0156
4	-31.1035
4	-31.1035
4	-31.1035
4	-31.1035
4	-31.1035
4	-31.1914
4	-31.1914
4	-31.1914
4	-31.1914
4	-31.1914
4	-31.2793
4	-31.2793
4	-31.2793
4	-31.2793
4	-31.3672
4	-31.3672
4	-31.3672
4	-31.3672
4	-31.4551
4	-31.4551
4	-31.4551
4	-31.4551
4	-31.4551
4	-31.543
4	-31.543
4	-31.543
4	-31.543
4	-31.543
4	-31.6309
4	-31.6309
4	-31.6309
4	-31.6309
4	-31.6309
4	-31.7187
4	-31.7187
4	-31.7187
4	-31.7187
4	-31.8066
4	-31.8066
4	-31.8066
4	-31.8066
4	-31.8066
4	-31.8945
4	-31.8945
4	-31.8945
4	-31.8945
4	-31.8945
4	-31.9824
4	-31.9824
4	-31.9824
4	-31.9824
4	-31.9824
4	-32.0703
4	-32.0703
4	-32.0703
4	-32.0703
4	-32.0703
4	-32.1582
4	-32.1582
4	-32.1582
4	-32.1582
4	-32.1582
4	-32.1582
4	-32.2461
4	-32.2461
4	-32.2461
4	-32.2461
4	-32.2461
4	-32.2461
4	-32.334
4	-32.334
4	-32.334
4	-32.334
4	-32.334
4	-32.334
4	-32.4219
4	-32.4219
4	-32.4219
4	-32.4219
4	-32.4219
4	-32.5098
4	-32.5098
4	-32.5098
4	-32.5098
4	-32.5098
4	-32.5098
4	-32.5098
4	-32.5977
4	-32.5977
4	-32.5977
4	-32.5977
4	-32.5977
4	-32.5977
4	-32.5977
4	-32.6855
4	-32.6855
4	-32.6855
4	-32.6855
4	-32.6855
4	-32.6855
4	-32.6855
5	-32.7734
5	-32.7734
5	-32.7734
5	-32.7734
5	-32.7734
5	-32.7734
5	-32.7734
5	-32.8613
5	-32.8613
5	-32.8613
5	-32.8613
5	-32.8613
5	-32.8613
5	-32.8613
5	-32.8613
5	-32.9492
5	-32.9492
5	-32.9492
5	-32.9492
5	-32.9492
5	-32.9492
5	-32.9492
5	-32.9492
5	-32.9492
5	-32.9492
5	-33.0371
5	-33.0371
5	-33.0371
5	-33.0371
5	-33.0371
5	-33.0371
5	-33.0371
5	-33.0371
5	-33.0371
5	-33.0371
5	-33.0371
5	-33.0371
5	-33.125
5	-33.125
5	-33.125
5	-33.125
5	-33.125
5	-33.125
5	-33.125
5	-33.125
5	-33.125
5	-33.125
5	-33.125
5	-33.2129
5	-33.2129
5	-33.2129
5	-33.2129
5	-33.2129
5	-33.2129
5	-33.2129
5	-33.2129
5	-33.2129
5	-33.2129
5	-33.2129
5	-33.2129
5	-33.2129
5	-33.2129
5	-33.2129
5	-33.2129
5	-33.2129
5	-33.2129
5	-33.3008
5	-33.3008
5	-33.3008
5	-33.3008
5	-33.3008
5	-33.3008
5	-33.3008
5	-33.3008
5	-33.3008
5	-33.3008
5	-33.3008
5	-33.3008
5	-33.3008
5	-33.3008
5	-33.3008
5	-33.3008
5	-33.3008
5	-33.3008
5	-33.3008
5	-33.3008
5	-33.3008
5	-33.3008
5	-33.3008
5	-33.3008
5	-33.3008
5	-33.3008
5	-33.3008
5	-33.3008
5	-33.3008
5	-33.3008
5	-33.3008
5	-33.3008
5	-33.3008
5	-33.3008
5	-33.3008
5	-33.3008
5	-33.3008
5	-33.3008
5	-33.3008
5	-33.3008
5	-33.3008
5	-33.3008
5	-33.3008
5	-33.3008
5	-33.3008
5	-33.3008
5	-33.3008
5	-33.3008
5	-33.3008
5	-33.3008
5	-33.3008
5	-33.3008
5	-33.3008
5	-33.3008
5	-33.3008
5	-33.3008
5	-33.3008
5	-33.3008
5	-33.2129
5	-33.2129
5	-33.2129
5	-33.2129
5	-33.2129
5	-33.2129
5	-33.2129
5	-33.2129
5	-33.2129
5	-33.2129
5	-33.2129
5	-33.2129
5	-33.2129
5	-33.2129
5	-33.2129
5	-33.2129
5	-33.2129
5	-33.125
5	-33.125
5	-33.125
5	-33.125
5	-33.125
5	-33.125
5	-33.125
5	-33.125
5	-33.125
5	-33.125
5	-33.125
5	-33.0371
5	-33.0371
5	-33.0371
5	-33.0371
5	-33.0371
5	-33.0371
5	-33.0371
5	-33.0371
5	-33.0371
5	-33.0371
5	-33.0371
5	-32.9492
5	-32.9492
5	-32.9492
5	-32.9492
5	-32.9492
5	-32.9492
5	-32.9492
5	-32.9492
5	-32.9492
5	-32.9492
5	-32.8613
5	-32.8613
5	-32.8613
5	-32.8613
5	-32.8613
5	-32.8613
5	-32.8613
5	-32.8613
5	-32.7734
5	-32.7734
5	-32.7734
5	-32.7734
5	-32.7734
5	-32.7734
5	-32.7734
5	-32.6855
5	-32.6855
5	-32.6855
5	-32.6855
5	-32.6855
5	-32.6855
5	-32.6855
5	-32.5977
5	-32.5977
5	-32.5977
5	-32.5977
6	-32.5977
6	-32.5977
6	-32.5977
6	-32.5977
6	-32.5098
6	-32.5098
6	-32.5098
6	-32.5098
6	-32.5098
6	-32.5098
6	-32.4219
6	-32.4219
6	-32.4219
6	-32.4219
6	-32.4219
6	-32.4219
6	-32.334
6	-32.334
6	-32.334
6	-32.334
6	-32.334
6	-32.334
6	-32.2461
6	-32.2461
6	-32.2461
6	-32.2461
6	-32.2461
6	-32.2461
6	-32.1582
6	-32.1582
6	-32.1582
6	-32.1582
6	-32.1582
6	-32.0703
6	-32.0703
6	-32.0703
6	-32.0703
6	-32.0703
6	-31.9824
6	-31.9824
6	-31.9824
6	-31.9824
6	-31.9824
6	-31.9824
6	-31.8945
6	-31.8945
6	-31.8945
6	-31.8945
6	-31.8945
6	-31.8066
6	-31.8066
6	-31.8066
6	-31.8066
6	-31.8066
6	-31.7187
6	-31.7187
6	-31.7187
6	-31.7187
6	-31.7187
6	-31.6309
6	-31.6309
6	-31.6309
6	-31.6309
6	-31.6309
6	-31.543
6	-31.543
6	-31.543
6	-31.543
6	-31.4551
6	-31.4551
6	-31.4551
6	-31.4551
6	-31.4551
6	-31.3672
6	-31.3672
6	-31.3672
6	-31.3672
6	-31.2793
6	-31.2793
6	-31.2793
6	-31.2793
6	-31.2793
6	-31.1914
6	-31.1914
6	-31.1914
6	-31.1914
6	-31.1914
6	-31.1035
6	-31.1035
6	-31.1035
6	-31.1035
6	-31.0156
6	-31.0156
6	-31.0156
6	-31.0156
6	-30.9277
6	-30.9277
6	-30.9277
6	-30.9277
6	-30.9277
6	-30.8398
6	-30.8398
6	-30.8398
6	-30.8398
6	-30.752
6	-30.752
6	-30.752
6	-30.752
6	-30.752
6	-30.6641
6	-30.6641
6	-30.6641
6	-30.5762
6	-30.5762
6	-30.5762
6	-30.5762
6	-30.5762
6	-30.4883
6	-30.4883
6	-30.4883
6	-30.4883
6	-30.4004
6	-30.4004
6	-30.4004
6	-30.4004
6	-30.4004
6	-30.3125
6	-30.3125
6	-30.3125
6	-30.2246
6	-30.2246
6	-30.2246
6	-30.2246
6	-30.2246
6	-30.1367
6	-30.1367
6	-30.1367
6	-30.1367
6	-30.0488
6	-30.0488
6	-30.0488
6	-30.0488
6	-29.9609
6	-29.9609
6	-29.9609
6	-29.9609
6	-29.873
6	-29.873
6	-29.873
6	-29.873
6	-29.7852
6	-29.7852
6	-29.7852
6	-29.7852
6	-29.7852
6	-29.6973
6	-29.6973
6	-29.6973
6	-29.6973
6	-29.6094
6	-29.6094
6	-29.6094
6	-29.6094
6	-29.5215
6	-29.5215
6	-29.5215
6	-29.5215
6	-29.4336
6	-29.4336
6	-29.4336
6	-29.4336
6	-29.3457
6	-29.3457
6	-29.3457
6	-29.3457
6	-29.3457
6	-29.2578
6	-29.2578
6	-29.2578
6	-29.1699
6	-29.1699
6	-29.1699
6	-29.1699
6	-29.1699
6	-29.082
6	-29.082
6	-29.082
6	-29.082
6	-28.9941
6	-28.9941
6	-28.9941
6	-28.9941
6	-28.9941
6	-28.9062
6	-28.9062
6	-28.9062
6	-28.8184
6	-28.8184
6	-28.8184
6	-28.8184
6	-28.8184
7	-28.7305
7	-28.7305
7	-28.7305
7	-28.7305
7	-28.7305
7	-28.6426
7	-28.6426
7	-28.6426
7	-28.6426
7	-28.5547
7	-28.5547
7	-28.5547
7	-28.5547
7	-28.4668
7	-28.4668
7	-28.4668
7	-28.4668
7	-28.4668
7	-28.3789
7	-28.3789
7	-28.3789
7	-28.3789
7	-28.3789
7	-28.291
7	-28.291
7	-28.291
7	-28.291
7	-28.2031
7	-28.2031
7	-28.2031
7	-28.2031
7	-28.2031
7	-28.1152
7	-28.1152
7	-28.1152
7	-28.1152
7	-28.1152
7	-28.0273
7	-28.0273
7	-28.0273
7	-28.0273
7	-28.0273
7	-27.9395
7	-27.9395
7	-27.9395
7	-27.9395
7	-27.9395
7	-27.8516
7	-27.8516
7	-27.8516
7	-27.8516
7	-27.8516
7	-27.7637
7	-27.7637
7	-27.7637
7	-27.7637
7	-27.7637
7	-27.6758
7	-27.6758
7	-27.6758
7	-27.6758
7	-27.6758
7	-27.6758
7	-27.5879
7	-27.5879
7	-27.5879
7	-27.5879
7	-27.5879
7	-27.5
7	-27.5
7	-27.5
7	-27.5
7	-27.5
7	-27.4121
7	-27.4121
7	-27.4121
7	-27.4121
7	-27.4121
7	-27.4121
7	-27.3242
7	-27.3242
7	-27.3242
7	-27.3242
7	-27.3242
7	-27.3242
7	-27.3242
7	-27.2363
7	-27.2363
7	-27.2363
7	-27.2363
7	-27.2363
7	-27.2363
7	-27.1484
7	-27.1484
7	-27.1484
7	-27.1484
7	-27.1484
7	-27.1484
7	-27.0605
7	-27.0605
7	-27.0605
7	-27.0605
7	-27.0605
7	-27.0605
7	-27.0605
7	-26.9727
7	-26.9727
7	-26.9727
7	-26.9727
7	-26.9727
7	-26.9727
7	-26.9727
7	-26.9727
7	-26.8848
7	-26.8848
7	-26.8848
7	-26.8848
7	-26.8848
7	-26.8848
7	-26.8848
7	-26.8848
7	-26.7969
7	-26.7969
7	-26.7969
7	-26.7969
7	-26.7969
7	-26.7969
7	-26.7969
7	-26.7969
7	-26.709
7	-26.709
7	-26.709
7	-26.709
7	-26.709
7	-26.709
7	-26.709
7	-26.709
7	-26.709
7	-26.709
7	-26.6211
7	-26.6211
7	-26.6211
7	-26.6211
7	-26.6211
7	-26.6211
7	-26.6211
7	-26.6211
7	-26.6211
7	-26.6211
7	-26.6211
7	-26.6211
7	-26.5332
7	-26.5332
7	-26.5332
7	-26.5332
7	-26.5332
7	-26.5332
7	-26.5332
7	-26.5332
7	-26.5332
7	-26.5332
7	-26.5332
7	-26.5332
7	-26.5332
7	-26.5332
7	-26.5332
7	-26.4453
7	-26.4453
7	-26.4453
7	-26.4453
7	-26.4453
7	-26.4453
7	-26.4453
7	-26.4453
7	-26.4453
7	-26.4453
7	-26.4453
7	-26.4453
7	-26.4453
7	-26.4453
7	-26.4453
7	-26.4453
7	-26.4453
7	-26.4453
7	-26.4453
7	-26.4453
7	-26.3574
7	-26.3574
7	-26.3574
7	-26.3574
7	-26.3574
7	-26.3574
7	-26.3574
7	-26.3574
7	-26.3574
7	-26.3574
7	-26.3574
7	-26.3574
7	-26.3574
8	-26.3574
8	-26.3574
8	-26.3574
8	-26.3574
8	-26.3574
8	-26.3574
8	-26.3574
8	-26.3574
8	-26.3574
8	-26.3574
8	-26.3574
8	-26.3574
8	-26.3574
8	-26.3574
8	-26.3574
8	-26.3574
8	-26.3574
8	-26.3574
8	-26.3574
8	-26.3574
8	-26.3574
8	-26.3574
8	-26.3574
8	-26.3574
8	-26.3574
8	-26.3574
8	-26.3574
8	-26.3574
8	-26.3574
8	-26.3574
8	-26.3574
8	-26.3574
8	-26.3574
8	-26.3574
8	-26.3574
8	-26.3574
8	-26.3574
8	-26.4453
8	-26.4453
8	-26.4453
8	-26.4453
8	-26.4453
8	-26.4453
8	-26.4453
8	-26.4453
8	-26.4453
8	-26.4453
8	-26.4453
8	-26.4453
8	-26.4453
8	-26.4453
8	-26.4453
8	-26.4453
8	-26.4453
8	-26.5332
8	-26.5332
8	-26.5332
8	-26.5332
8	-26.5332
8	-26.5332
8	-26.5332
8	-26.5332
8	-26.5332
8	-26.5332
8	-26.5332
8	-26.5332
8	-26.5332
8	-26.5332
8	-26.6211
8	-26.6211
8	-26.6211
8	-26.6211
8	-26.6211
8	-26.6211
8	-26.6211
8	-26.6211
8	-26.6211
8	-26.6211
8	-26.6211
8	-26.6211
8	-26.709
8	-26.709
8	-26.709
8	-26.709
8	-26.709
8	-26.709
8	-26.709
8	-26.709
8	-26.709
8	-26.709
8	-26.7969
8	-26.7969
8	-26.7969
8	-26.7969
8	-26.7969
8	-26.7969
8	-26.7969
8	-26.7969
8	-26.8848
8	-26.8848
8	-26.8848
8	-26.8848
8	-26.8848
8	-26.8848
8	-26.8848
8	-26.8848
8	-26.9727
8	-26.9727
8	-26.9727
8	-26.9727
8	-26.9727
8	-26.9727
8	-26.9727
8	-26.9727
8	-27.0605
8	-27.0605
8	-27.0605
8	-27.0605
8	-27.0605
8	-27.0605
8	-27.0605
8	-27.1484
8	-27.1484
8	-27.1484
8	-27.1484
8	-27.1484
8	-27.1484
8	-27.2363
8	-27.2363
8	-27.2363
8	-27.2363
8	-27.2363
8	-27.2363
8	-27.3242
8	-27.3242
8	-27.3242
8	-27.3242
8	-27.3242
8	-27.3242
8	-27.3242
8	-27.4121
8	-27.4121
8	-27.4121
8	-27.4121
8	-27.4121
8	-27.4121
8	-27.5
8	-27.5
8	-27.5
8	-27.5
8	-27.5
8	-27.5879
8	-27.5879
8	-27.5879
8	-27.5879
8	-27.5879
8	-27.5879
8	-27.6758
8	-27.6758
8	-27.6758
8	-27.6758
8	-27.6758
8	-27.6758
8	-27.7637
8	-27.7637
8	-27.7637
8	-27.7637
8	-27.7637
8	-27.8516
8	-27.8516
8	-27.8516
8	-27.8516
8	-27.8516
8	-27.9395
8	-27.9395
8	-27.9395
8	-27.9395
8	-27.9395
8	-28.0273
8	-28.0273
8	-28.0273
8	-28.0273
8	-28.0273
8	-28.1152
8	-28.1152
8	-28.1152
8	-28.1152
8	-28.1152
8	-28.2031
8	-28.2031
8	-28.2031
8	-28.2031
8	-28.2031
8	-28.291
8	-28.291
8	-28.291
8	-28.291
8	-28.3789
8	-28.3789
8	-28.3789
8	-28.3789
9	-28.3789
9	-28.4668
9	-28.4668
9	-28.4668
9	-28.4668
9	-28.4668
9	-28.5547
9	-28.5547
9	-28.5547
9	-28.5547
9	-28.6426
9	-28.6426
9	-28.6426
9	-28.6426
9	-28.6426
9	-28.7305
9	-28.7305
9	-28.7305
9	-28.7305
9	-28.7305
9	-28.8184
9	-28.8184
9	-28.8184
9	-28.8184
9	-28.9062
9	-28.9062
9	-28.9062
9	-28.9062
9	-28.9941
9	-28.9941
9	-28.9941
9	-28.9941
9	-28.9941
9	-29.082
9	-29.082
9	-29.082
9	-29.082
9	-29.1699
9	-29.1699
9	-29.1699
9	-29.1699
9	-29.1699
9	-29.2578
9	-29.2578
9	-29.2578
9	-29.2578
9	-29.3457
9	-29.3457
9	-29.3457
9	-29.3457
9	-29.4336
9	-29.4336
9	-29.4336
9	-29.4336
9	-29.4336
9	-29.5215
9	-29.5215
9	-29.5215
9	-29.5215
9	-29.6094
9	-29.6094
9	-29.6094
9	-29.6094
9	-29.6973
9	-29.6973
9	-29.6973
9	-29.6973
9	-29.6973
9	-29.7852
9	-29.7852
9	-29.7852
9	-29.7852
9	-29.873
9	-29.873
9	-29.873
9	-29.873
9	-29.873
9	-29.9609
9	-29.9609
9	-29.9609
9	-29.9609
9	-30.0488
9	-30.0488
9	-30.0488
9	-30.0488
9	-30.1367
9	-30.1367
9	-30.1367
9	-30.1367
9	-30.1367
9	-30.2246
9	-30.2246
9	-30.2246
9	-30.2246
9	-30.3125
9	-30.3125
9	-30.3125
9	-30.3125
9	-30.4004
9	-30.4004
9	-30.4004
9	-30.4004
9	-30.4004
9	-30.4883
9	-30.4883
9	-30.4883
9	-30.4883
9	-30.5762
9	-30.5762
9	-30.5762
9	-30.5762
9	-30.5762
9	-30.6641
9	-30.6641
9	-30.6641
9	-30.6641
9	-30.752
9	-30.752
9	-30.752
9	-30.752
9	-30.752
9	-30.8398
9	-30.8398
9	-30.8398
9	-30.8398
9	-30.8398
9	-30.9277
9	-30.9277
9	-30.9277
9	-30.9277
9	-30.9277
9	-31.0156
9	-31.0156
9	-31.0156
9	-31.0156
9	-31.1035
9	-31.1035
9	-31.1035
9	-31.1035
9	-31.1035
9	-31.1914
9	-31.1914
9	-31.1914
9	-31.1914
9	-31.1914
9	-31.2793
9	-31.2793
9	-31.2793
9	-31.2793
9	-31.2793
9	-31.3672
9	-31.3672
9	-31.3672
9	-31.3672
9	-31.4551
9	-31.4551
9	-31.4551
9	-31.4551
9	-31.4551
9	-31.4551
9	-31.543
9	-31.543
9	-31.543
9	-31.543
9	-31.543
9	-31.6309
9	-31.6309
9	-31.6309
9	-31.6309
9	-31.6309
9	-31.6309
9	-31.7187
9	-31.7187
9	-31.7187
9	-31.7187
9	-31.7187
9	-31.8066
9	-31.8066
9	-31.8066
9	-31.8066
9	-31.8066
9	-31.8945
9	-31.8945
9	-31.8945
9	-31.8945
9	-31.8945
9	-31.8945
9	-31.8945
9	-31.9824
9	-31.9824
9	-31.9824
9	-31.9824
9	-31.9824
9	-31.9824
9	-32.0703
9	-32.0703
9	-32.0703
9	-32.0703
9	-32.0703
10	-32.1582
10	-32.1582
10	-32.1582
10	-32.1582
10	-32.1582
10	-32.1582
10	-32.1582
10	-32.2461
10	-32.2461
10	-32.2461
10	-32.2461
10	-32.2461
10	-32.2461
10	-32.2461
10	-32.334
10	-32.334
10	-32.334
10	-32.334
10	-32.334
10	-32.334
10	-32.334
10	-32.334
10	-32.4219
10	-32.4219
10	-32.4219
10	-32.4219
10	-32.4219
10	-32.4219
10	-32.4219
10	-32.5098
10	-32.5098
10	-32.5098
10	-32.5098
10	-32.5098
10	-32.5098
10	-32.5098
10	-32.5098
10	-32.5977
10	-32.5977
10	-32.5977
10	-32.5977
10	-32.5977
10	-32.5977
10	-32.5977
10	-32.5977
10	-32.5977
10	-32.5977
10	-32.6855
10	-32.6855
10	-32.6855
10	-32.6855
10	-32.6855
10	-32.6855
10	-32.6855
10	-32.6855
10	-32.6855
10	-32.6855
10	-32.6855
10	-32.7734
10	-32.7734
10	-32.7734
10	-32.7734
10	-32.7734
10	-32.7734
10	-32.7734
10	-32.7734
10	-32.7734
10	-32.7734
10	-32.7734
10	-32.8613
10	-32.8613
10	-32.8613
10	-32.8613
10	-32.8613
10	-32.8613
10	-32.8613
10	-32.8613
10	-32.8613
10	-32.8613
10	-32.8613
10	-32.8613
10	-32.8613
10	-32.8613
10	-32.8613
10	-32.8613
10	-32.9492
10	-32.9492
10	-32.9492
10	-32.9492
10	-32.9492
10	-32.9492
10	-32.9492
10	-32.9492
10	-32.9492
10	-32.9492
10	-32.9492
10	-32.9492
10	-32.9492
10	-32.9492
10	-32.9492
10	-32.9492
10	-32.9492
10	-32.9492
10	-32.9492
10	-32.9492
10	-32.9492
10	-32.9492
10	-32.9492
10	-32.9492
10	-32.9492
10	-32.9492
10	-32.9492
10	-32.9492
10	-32.9492
10	-32.9492
10	-32.9492
10	-32.9492
10	-32.9492
10	-32.9492
10	-32.9492
10	-32.9492
10	-32.9492
10	-32.9492
10	-32.9492
10	-32.9492
10	-32.9492
10	-32.9492
10	-32.9492
10	-32.9492
10	-32.9492
10	-32.9492
10	-32.9492
10	-32.9492
10	-32.9492
10	-32.9492
10	-32.9492
10	-32.9492
10	-32.9492
10	-32.9492
10	-32.9492
10	-32.9492
10	-32.9492
10	-32.9492
10	-32.9492
10	-32.9492
10	-32.9492
10	-32.9492
10	-32.9492
10	-32.9492
10	-32.9492
10	-32.9492
10	-32.9492
10	-32.9492
10	-32.9492
10	-32.9492
10	-32.9492
10	-32.9492
10	-32.9492
10	-32.9492
10	-32.9492
10	-32.9492
10	-32.9492
10	-32.9492
10	-32.9492
10	-32.8613
10	-32.8613
10	-32.8613
10	-32.8613
10	-32.8613
10	-32.8613
10	-32.8613
10	-32.8613
10	-32.8613
10	-32.8613
10	-32.8613
10	-32.8613
10	-32.8613
10	-32.8613
10	-32.8613
10	-32.7734
10	-32.7734
10	-32.7734
10	-32.7734
10	-32.7734
10	-32.7734
10	-32.7734
10	-32.7734
10	-32.7734
10	-32.7734
10	-32.7734
10	-32.6855
10	-32.6855
10	-32.6855
10	-32.6855
10	-32.6855
10	-32.6855
10	-32.6855
10	-32.6855
10	-32.6855
10	-32.6855
10	-32.6855
11	-32.5977
11	-32.5977
11	-32.5977
11	-32.5977
11	-32.5977
11	-32.5977
11	-32.5977
11	-32.5977
11	-32.5977
11	-32.5977
11	-32.5098
11	-32.5098
11	-32.5098
11	-32.5098
11	-32.5098
11	-32.5098
11	-32.5098
11	-32.5098
11	-32.4219
11	-32.4219
11	-32.4219
11	-32.4219
11	-32.4219
11	-32.4219
11	-32.4219
11	-32.334
11	-32.334
11	-32.334
11	-32.334
11	-32.334
11	-32.334
11	-32.334
11	-32.334
11	-32.2461
11	-32.2461
11	-32.2461
11	-32.2461
11	-32.2461
11	-32.2461
11	-32.2461
11	-32.1582
11	-32.1582
11	-32.1582
11	-32.1582
11	-32.1582
11	-32.1582
11	-32.1582
11	-32.0703
11	-32.0703
11	-32.0703
11	-32.0703
11	-32.0703
11	-32.0703
11	-31.9824
11	-31.9824
11	-31.9824
11	-31.9824
11	-31.9824
11	-31.9824
11	-31.8945
11	-31.8945
11	-31.8945
11	-31.8945
11	-31.8945
11	-31.8945
11	-31.8945
11	-31.8066
11	-31.8066
11	-31.8066
11	-31.8066
11	-31.8066
11	-31.7187
11	-31.7187
11	-31.7187
11	-31.7187
11	-31.7187
11	-31.6309
11	-31.6309
11	-31.6309
11	-31.6309
11	-31.6309
11	-31.6309
11	-31.543
11	-31.543
11	-31.543
11	-31.543
11	-31.543
11	-31.543
11	-31.4551
11	-31.4551
11	-31.4551
11	-31.4551
11	-31.4551
11	-31.3672
11	-31.3672
11	-31.3672
11	-31.3672
11	-31.3672
11	-31.2793
11	-31.2793
11	-31.2793
11	-31.2793
11	-31.2793
11	-31.1914
11	-31.1914
11	-31.1914
11	-31.1914
11	-31.1914
11	-31.1035
11	-31.1035
11	-31.1035
11	-31.1035
11	-31.1035
11	-31.1035
11	-31.0156
11	-31.0156
11	-31.0156
11	-31.0156
11	-30.9277
11	-30.9277
11	-30.9277
11	-30.9277
11	-30.9277
11	-30.8398
11	-30.8398
11	-30.8398
11	-30.8398
11	-30.8398
11	-30.752
11	-30.752
11	-30.752
11	-30.752
11	-30.752
11	-30.6641
11	-30.6641
11	-30.6641
11	-30.6641
11	-30.5762
11	-30.5762
11	-30.5762
11	-30.5762
11	-30.5762
11	-30.4883
11	-30.4883
11	-30.4883
11	-30.4883
11	-30.4883
11	-30.4004
11	-30.4004
11	-30.4004
11	-30.4004
11	-30.4004
11	-30.3125
11	-30.3125
11	-30.3125
11	-30.3125
11	-30.2246
11	-30.2246
11	-30.2246
11	-30.2246
11	-30.1367
11	-30.1367
11	-30.1367
11	-30.1367
11	-30.1367
11	-30.0488
11	-30.0488
11	-30.0488
11	-30.0488
11	-30.0488
11	-29.9609
11	-29.9609
11	-29.9609
11	-29.9609
11	-29.873
11	-29.873
11	-29.873
11	-29.873
11	-29.873
11	-29.7852
11	-29.7852
11	-29.7852
11	-29.7852
11	-29.6973
11	-29.6973
11	-29.6973
11	-29.6973
11	-29.6973
11	-29.6094
11	-29.6094
11	-29.6094
11	-29.6094
11	-29.5215
11	-29.5215
11	-29.5215
11	-29.5215
11	-29.5215
11	-29.4336
11	-29.4336
12	-29.4336
12	-29.4336
12	-29.4336
12	-29.3457
12	-29.3457
12	-29.3457
12	-29.3457
12	-29.2578
12	-29.2578
12	-29.2578
12	-29.2578
12	-29.2578
12	-29.1699
12	-29.1699
12	-29.1699
12	-29.1699
12	-29.082
12	-29.082
12	-29.082
12	-29.082
12	-29.082
12	-28.9941
12	-28.9941
12	-28.9941
12	-28.9941
12	-28.9941
12	-28.9062
12	-28.9062
12	-28.9062
12	-28.9062
12	-28.9062
12	-28.8184
12	-28.8184
12	-28.8184
12	-28.8184
12	-28.7305
12	-28.7305
12	-28.7305
12	-28.7305
12	-28.7305
12	-28.7305
12	-28.6426
12	-28.6426
12	-28.6426
12	-28.6426
12	-28.6426
12	-28.5547
12	-28.5547
12	-28.5547
12	-28.5547
12	-28.4668
12	-28.4668
12	-28.4668
12	-28.4668
12	-28.4668
12	-28.3789
12	-28.3789
12	-28.3789
12	-28.3789
12	-28.3789
12	-28.3789
12	-28.291
12	-28.291
12	-28.291
12	-28.291
12	-28.291
12	-28.2031
12	-28.2031
12	-28.2031
12	-28.2031
12	-28.2031
12	-28.1152
12	-28.1152
12	-28.1152
12	-28.1152
12	-28.1152
12	-28.1152
12	-28.0273
12	-28.0273
12	-28.0273
12	-28.0273
12	-28.0273
12	-28.0273
12	-27.9395
12	-27.9395
12	-27.9395
12	-27.9395
12	-27.9395
12	-27.8516
12	-27.8516
12	-27.8516
12	-27.8516
12	-27.8516
12	-27.8516
12	-27.7637
12	-27.7637
12	-27.7637
12	-27.7637
12	-27.7637
12	-27.7637
12	-27.6758
12	-27.6758
12	-27.6758
12	-27.6758
12	-27.6758
12	-27.6758
12	-27.5879
12	-27.5879
12	-27.5879
12	-27.5879
12	-27.5879
12	-27.5879
12	-27.5879
12	-27.5
12	-27.5
12	-27.5
12	-27.5
12	-27.5
12	-27.5
12	-27.4121
12	-27.4121
12	-27.4121
12	-27.4121
12	-27.4121
12	-27.4121
12	-27.4121
12	-27.4121
12	-27.3242
12	-27.3242
12	-27.3242
12	-27.3242
12	-27.3242
12	-27.3242
12	-27.3242
12	-27.3242
12	-27.2363
12	-27.2363
12	-27.2363
12	-27.2363
12	-27.2363
12	-27.2363
12	-27.2363
12	-27.2363
12	-27.1484
12	-27.1484
12	-27.1484
12	-27.1484
12	-27.1484
12	-27.1484
12	-27.1484
12	-27.1484
12	-27.0605
12	-27.0605
12	-27.0605
12	-27.0605
12	-27.0605
12	-27.0605
12	-27.0605
12	-27.0605
12	-27.0605
12	-27.0605
12	-26.9727
12	-26.9727
12	-26.9727
12	-26.9727
12	-26.9727
12	-26.9727
12	-26.9727
12	-26.9727
12	-26.9727
12	-26.9727
12	-26.9727
12	-26.9727
12	-26.8848
12	-26.8848
12	-26.8848
12	-26.8848
12	-26.8848
12	-26.8848
12	-26.8848
12	-26.8848
12	-26.8848
12	-26.8848
12	-26.8848
12	-26.8848
12	-26.8848
12	-26.7969
12	-26.7969
12	-26.7969
12	-26.7969
12	-26.7969
12	-26.7969
12	-26.7969
12	-26.7969
12	-26.7969
12	-26.7969
12	-26.7969
12	-26.7969
12	-26.7969
12	-26.7969
12	-26.7969
13	-26.7969
13	-26.7969
13	-26.709
13	-26.709
13	-26.709
13	-26.709
13	-26.709
13	-26.709
13	-26.709
13	-26.709
13	-26.709
13	-26.709
13	-26.709
13	-26.709
13	-26.709
13	-26.709
13	-26.709
13	-26.709
13	-26.709
13	-26.709
13	-26.709
13	-26.709
13	-26.709
13	-26.709
13	-26.709
13	-26.709
13	-26.709
13	-26.709
13	-26.709
13	-26.709
13	-26.709
13	-26.709
13	-26.709
13	-26.709
13	-26.709
13	-26.709
13	-26.709
13	-26.709
13	-26.709
13	-26.709
13	-26.709
13	-26.709
13	-26.709
13	-26.709
13	-26.709
13	-26.709
13	-26.709
13	-26.709
13	-26.709
13	-26.709
13	-26.709
13	-26.709
13	-26.709
13	-26.709
13	-26.709
13	-26.709
13	-26.709
13	-26.709
13	-26.709
13	-26.709
13	-26.709
13	-26.709
13	-26.709
13	-26.709
13	-26.709
13	-26.709
13	-26.709
13	-26.709
13	-26.709
13	-26.709
13	-26.709
13	-26.709
13	-26.709
13	-26.709
13	-26.709
13	-26.7969
13	-26.7969
13	-26.7969
13	-26.7969
13	-26.7969
13	-26.7969
13	-26.7969
13	-26.7969
13	-26.7969
13	-26.7969
13	-26.7969
13	-26.7969
13	-26.7969
13	-26.7969
13	-26.7969
13	-26.8848
13	-26.8848
13	-26.8848
13	-26.8848
13	-26.8848
13	-26.8848
13	-26.8848
13	-26.8848
13	-26.8848
13	-26.8848
13	-26.8848
13	-26.8848
13	-26.8848
13	-26.8848
13	-26.9727
13	-26.9727
13	-26.9727
13	-26.9727
13	-26.9727
13	-26.9727
13	-26.9727
13	-26.9727
13	-26.9727
13	-26.9727
13	-26.9727
13	-27.0605
13	-27.0605
13	-27.0605
13	-27.0605
13	-27.0605
13	-27.0605
13	-27.0605
13	-27.0605
13	-27.0605
13	-27.0605
13	-27.1484
13	-27.1484
13	-27.1484
13	-27.1484
13	-27.1484
13	-27.1484
13	-27.1484
13	-27.1484
13	-27.2363
13	-27.2363
13	-27.2363
13	-27.2363
13	-27.2363
13	-27.2363
13	-27.2363
13	-27.2363
13	-27.3242
13	-27.3242
13	-27.3242
13	-27.3242
13	-27.3242
13	-27.3242
13	-27.3242
13	-27.3242
13	-27.4121
13	-27.4121
13	-27.4121
13	-27.4121
13	-27.4121
13	-27.4121
13	-27.4121
13	-27.4121
13	-27.5
13	-27.5
13	-27.5
13	-27.5
13	-27.5
13	-27.5
13	-27.5879
13	-27.5879
13	-27.5879
13	-27.5879
13	-27.5879
13	-27.5879
13	-27.5879
13	-27.6758
13	-27.6758
13	-27.6758
13	-27.6758
13	-27.6758
13	-27.6758
13	-27.6758
13	-27.7637
13	-27.7637
13	-27.7637
13	-27.7637
13	-27.7637
13	-27.7637
13	-27.8516
13	-27.8516
13	-27.8516
13	-27.8516
13	-27.8516
13	-27.9395
13	-27.9395
13	-27.9395
13	-27.9395
13	-27.9395
13	-27.9395
13	-28.0273
13	-28.0273
13	-28.0273
13	-28.0273
13	-28.0273
14	-28.0273
14	-28.1152
14	-28.1152
14	-28.1152
14	-28.1152
14	-28.1152
14	-28.1152
14	-28.2031
14	-28.2031
14	-28.2031
14	-28.2031
14	-28.2031
14	-28.291
14	-28.291
14	-28.291
14	-28.291
14	-28.291
14	-28.291
14	-28.3789
14	-28.3789
14	-28.3789
14	-28.3789
14	-28.3789
14	-28.4668
14	-28.4668
14	-28.4668
14	-28.4668
14	-28.4668
14	-28.4668
14	-28.5547
14	-28.5547
14	-28.5547
14	-28.5547
14	-28.6426
14	-28.6426
14	-28.6426
14	-28.6426
14	-28.6426
14	-28.7305
14	-28.7305
14	-28.7305
14	-28.7305
14	-28.7305
14	-28.7305
14	-28.8184
14	-28.8184
14	-28.8184
14	-28.8184
14	-28.8184
14	-28.9062
14	-28.9062
14	-28.9062
14	-28.9062
14	-28.9941
14	-28.9941
14	-28.9941
14	-28.9941
14	-28.9941
14	-29.082
14	-29.082
14	-29.082
14	-29.082
14	-29.082
14	-29.082
14	-29.1699
14	-29.1699
14	-29.1699
14	-29.1699
14	-29.1699
14	-29.2578
14	-29.2578
14	-29.2578
14	-29.2578
14	-29.3457
14	-29.3457
14	-29.3457
14	-29.3457
14	-29.3457
14	-29.4336
14	-29.4336
14	-29.4336
14	-29.4336
14	-29.4336
14	-29.5215
14	-29.5215
14	-29.5215
14	-29.5215
14	-29.5215
14	-29.6094
14	-29.6094
14	-29.6094
14	-29.6094
14	-29.6973
14	-29.6973
14	-29.6973
14	-29.6973
14	-29.6973
14	-29.7852
14	-29.7852
14	-29.7852
14	-29.7852
14	-29.7852
14	-29.873
14	-29.873
14	-29.873
14	-29.873
14	-29.873
14	-29.9609
14	-29.9609
14	-29.9609
14	-29.9609
14	-30.0488
14	-30.0488
14	-30.0488
14	-30.0488
14	-30.0488
14	-30.0488
14	-30.1367
14	-30.1367
14	-30.1367
14	-30.1367
14	-30.1367
14	-30.2246
14	-30.2246
14	-30.2246
14	-30.2246
14	-30.2246
14	-30.3125
14	-30.3125
14	-30.3125
14	-30.3125
14	-30.4004
14	-30.4004
14	-30.4004
14	-30.4004
14	-30.4004
14	-30.4883
14	-30.4883
14	-30.4883
14	-30.4883
14	-30.4883
14	-30.4883
14	-30.5762
14	-30.5762
14	-30.5762
14	-30.5762
14	-30.5762
14	-30.6641
14	-30.6641
14	-30.6641
14	-30.6641
14	-30.752
14	-30.752
14	-30.752
14	-30.752
14	-30.752
14	-30.752
14	-30.8398
14	-30.8398
14	-30.8398
14	-30.8398
14	-30.8398
14	-30.9277
14	-30.9277
14	-30.9277
14	-30.9277
14	-30.9277
14	-30.9277
14	-31.0156
14	-31.0156
14	-31.0156
14	-31.0156
14	-31.0156
14	-31.1035
14	-31.1035
14	-31.1035
14	-31.1035
14	-31.1035
14	-31.1914
14	-31.1914
14	-31.1914
14	-31.1914
14	-31.1914
14	-31.1914
14	-31.2793
14	-31.2793
14	-31.2793
14	-31.2793
14	-31.2793
14	-31.2793
14	-31.3672
14	-31.3672
14	-31.3672
14	-31.3672
14	-31.3672
14	-31.4551
14	-31.4551
14	-31.4551
14	-31.4551
14	-31.4551
14	-31.4551
15	-31.4551
15	-31.543
15	-31.543
15	-31.543
15	-31.543
15	-31.543
15	-31.543
15	-31.6309
15	-31.6309
15	-31.6309
15	-31.6309
15	-31.6309
15	-31.6309
15	-31.6309
15	-31.7187
15	-31.7187
15	-31.7187
15	-31.7187
15	-31.7187
15	-31.7187
15	-31.8066
15	-31.8066
15	-31.8066
15	-31.8066
15	-31.8066
15	-31.8066
15	-31.8066
15	-31.8945
15	-31.8945
15	-31.8945
15	-31.8945
15	-31.8945
15	-31.8945
15	-31.8945
15	-31.9824
15	-31.9824
15	-31.9824
15	-31.9824
15	-31.9824
15	-31.9824
15	-31.9824
15	-31.9824
15	-32.0703
15	-32.0703
15	-32.0703
15	-32.0703
15	-32.0703
15	-32.0703
15	-32.0703
15	-32.0703
15	-32.1582
15	-32.1582
15	-32.1582
15	-32.1582
15	-32.1582
15	-32.1582
15	-32.1582
15	-32.1582
15	-32.1582
15	-32.2461
15	-32.2461
15	-32.2461
15	-32.2461
15	-32.2461
15	-32.2461
15	-32.2461
15	-32.2461
15	-32.2461
15	-32.2461
15	-32.334
15	-32.334
15	-32.334
15	-32.334
15	-32.334
15	-32.334
15	-32.334
15	-32.334
15	-32.334
15	-32.334
15	-32.334
15	-32.4219
15	-32.4219
15	-32.4219
15	-32.4219
15	-32.4219
15	-32.4219
15	-32.4219
15	-32.4219
15	-32.4219
15	-32.4219
15	-32.4219
15	-32.5098
15	-32.5098
15	-32.5098
15	-32.5098
15	-32.5098
15	-32.5098
15	-32.5098
15	-32.5098
15	-32.5098
15	-32.5098
15	-32.5098
15	-32.5098
15	-32.5098
15	-32.5098
15	-32.5098
15	-32.5098
15	-32.5098
15	-32.5977
15	-32.5977
15	-32.5977
15	-32.5977
15	-32.5977
15	-32.5977
15	-32.5977
15	-32.5977
15	-32.5977
15	-32.5977
15	-32.5977
15	-32.5977
15	-32.5977
15	-32.5977
15	-32.5977
15	-32.5977
15	-32.5977
15	-32.5977
15	-32.5977
15	-32.5977
15	-32.5977
15	-32.5977
15	-32.5977
15	-32.5977
15	-32.5977
15	-32.5977
15	-32.5977
15	-32.5977
15	-32.5977
15	-32.6855
15	-32.6855
15	-32.6855
15	-32.6855
15	-32.6855
15	-32.6855
15	-32.6855
15	-32.6855
15	-32.6855
15	-32.6855
15	-32.6855
15	-32.6855
15	-32.6855
15	-32.6855
15	-32.6855
15	-32.6855
15	-32.6855
15	-32.6855
15	-32.6855
15	-32.6855
15	-32.6855
15	-32.6855
15	-32.6855
15	-32.6855
15	-32.6855
15	-32.6855
15	-32.6855
15	-32.6855
15	-32.6855
15	-32.6855
15	-32.6855
15	-32.6855
15	-32.6855
15	-32.6855
15	-32.6855
15	-32.6855
15	-32.5977
15	-32.5977
15	-32.5977
15	-32.5977
15	-32.5977
15	-32.5977
15	-32.5977
15	-32.5977
15	-32.5977
15	-32.5977
15	-32.5977
15	-32.5977
15	-32.5977
15	-32.5977
15	-32.5977
15	-32.5977
15	-32.5977
15	-32.5977
15	-32.5977
15	-32.5977
15	-32.5977
15	-32.5977
15	-32.5977
15	-32.5977
15	-32.5977
15	-32.5098
16	-32.5098
16	-32.5098
16	-32.5098
16	-32.5098
16	-32.5098
16	-32.5098
16	-32.5098
16	-32.5098
16	-32.5098
16	-32.5098
16	-32.5098
16	-32.5098
16	-32.5098
16	-32.5098
16	-32.4219
16	-32.4219
16	-32.4219
16	-32.4219
16	-32.4219
16	-32.4219
16	-32.4219
16	-32.4219
16	-32.4219
16	-32.4219
16	-32.4219
16	-32.334
16	-32.334
16	-32.334
16	-32.334
16	-32.334
16	-32.334
16	-32.334
16	-32.334
16	-32.334
16	-32.334
16	-32.334
16	-32.2461
16	-32.2461
16	-32.2461
16	-32.2461
16	-32.2461
16	-32.2461
16	-32.2461
16	-32.2461
16	-32.2461
16	-32.2461
16	-32.1582
16	-32.1582
16	-32.1582
16	-32.1582
16	-32.1582
16	-32.1582
16	-32.1582
16	-32.1582
16	-32.1582
16	-32.0703
16	-32.0703
16	-32.0703
16	-32.0703
16	-32.0703
16	-32.0703
16	-32.0703
16	-31.9824
16	-31.9824
16	-31.9824
16	-31.9824
16	-31.9824
16	-31.9824
16	-31.9824
16	-31.9824
16	-31.8945
16	-31.8945
16	-31.8945
16	-31.8945
16	-31.8945
16	-31.8945
16	-31.8945
16	-31.8945
16	-31.8066
16	-31.8066
16	-31.8066
16	-31.8066
16	-31.8066
16	-31.8066
16	-31.8066
16	-31.7187
16	-31.7187
16	-31.7187
16	-31.7187
16	-31.7187
16	-31.7187
16	-31.6309
16	-31.6309
16	-31.6309
16	-31.6309
16	-31.6309
16	-31.6309
16	-31.6309
16	-31.543
16	-31.543
16	-31.543
16	-31.543
16	-31.543
16	-31.543
16	-31.543
16	-31.4551
16	-31.4551
16	-31.4551
16	-31.4551
16	-31.4551
16	-31.4551
16	-31.3672
16	-31.3672
16	-31.3672
16	-31.3672
16	-31.3672
16	-31.2793
16	-31.2793
16	-31.2793
16	-31.2793
16	-31.2793
16	-31.2793
16	-31.2793
16	-31.1914
16	-31.1914
16	-31.1914
16	-31.1914
16	-31.1914
16	-31.1914
16	-31.1035
16	-31.1035
16	-31.1035
16	-31.1035
16	-31.1035
16	-31.0156
16	-31.0156
16	-31.0156
16	-31.0156
16	-31.0156
16	-30.9277
16	-30.9277
16	-30.9277
16	-30.9277
16	-30.9277
16	-30.9277
16	-30.8398
16	-30.8398
16	-30.8398
16	-30.8398
16	-30.8398
16	-30.8398
16	-30.752
16	-30.752
16	-30.752
16	-30.752
16	-30.752
16	-30.6641
16	-30.6641
16	-30.6641
16	-30.6641
16	-30.6641
16	-30.5762
16	-30.5762
16	-30.5762
16	-30.5762
16	-30.5762
16	-30.5762
16	-30.4883
16	-30.4883
16	-30.4883
16	-30.4883
16	-30.4883
16	-30.4004
16	-30.4004
16	-30.4004
16	-30.4004
16	-30.4004
16	-30.3125
16	-30.3125
16	-30.3125
16	-30.3125
16	-30.3125
16	-30.2246
16	-30.2246
16	-30.2246
16	-30.2246
16	-30.2246
16	-30.2246
16	-30.1367
16	-30.1367
16	-30.1367
16	-30.1367
16	-30.1367
16	-30.0488
16	-30.0488
16	-30.0488
16	-30.0488
16	-30.0488
16	-29.9609
16	-29.9609
16	-29.9609
17	-29.9609
17	-29.9609
17	-29.873
17	-29.873
17	-29.873
17	-29.873
17	-29.873
17	-29.7852
17	-29.7852
17	-29.7852
17	-29.7852
17	-29.7852
17	-29.7852
17	-29.6973
17	-29.6973
17	-29.6973
17	-29.6973
17	-29.6973
17	-29.6094
17	-29.6094
17	-29.6094
17	-29.6094
17	-29.5215
17	-29.5215
17	-29.5215
17	-29.5215
17	-29.5215
17	-29.5215
17	-29.4336
17	-29.4336
17	-29.4336
17	-29.4336
17	-29.4336
17	-29.3457
17	-29.3457
17	-29.3457
17	-29.3457
17	-29.3457
17	-29.3457
17	-29.2578
17	-29.2578
17	-29.2578
17	-29.2578
17	-29.1699
17	-29.1699
17	-29.1699
17	-29.1699
17	-29.1699
17	-29.1699
17	-29.082
17	-29.082
17	-29.082
17	-29.082
17	-29.082
17	-29.082
17	-28.9941
17	-28.9941
17	-28.9941
17	-28.9941
17	-28.9941
17	-28.9062
17	-28.9062
17	-28.9062
17	-28.9062
17	-28.9062
17	-28.8184
17	-28.8184
17	-28.8184
17	-28.8184
17	-28.8184
17	-28.8184
17	-28.7305
17	-28.7305
17	-28.7305
17	-28.7305
17	-28.7305
17	-28.7305
17	-28.6426
17	-28.6426
17	-28.6426
17	-28.6426
17	-28.6426
17	-28.6426
17	-28.5547
17	-28.5547
17	-28.5547
17	-28.5547
17	-28.5547
17	-28.4668
17	-28.4668
17	-28.4668
17	-28.4668
17	-28.4668
17	-28.4668
17	-28.3789
17	-28.3789
17	-28.3789
17	-28.3789
17	-28.3789
17	-28.3789
17	-28.3789
17	-28.291
17	-28.291
17	-28.291
17	-28.291
17	-28.291
17	-28.291
17	-28.2031
17	-28.2031
17	-28.2031
17	-28.2031
17	-28.2031
17	-28.2031
17	-28.1152
17	-28.1152
17	-28.1152
17	-28.1152
17	-28.1152
17	-28.1152
17	-28.1152
17	-28.0273
17	-28.0273
17	-28.0273
17	-28.0273
17	-28.0273
17	-28.0273
17	-28.0273
17	-27.9395
17	-27.9395
17	-27.9395
17	-27.9395
17	-27.9395
17	-27.9395
17	-27.9395
17	-27.9395
17	-27.8516
17	-27.8516
17	-27.8516
17	-27.8516
17	-27.8516
17	-27.8516
17	-27.8516
17	-27.7637
17	-27.7637
17	-27.7637
17	-27.7637
17	-27.7637
17	-27.7637
17	-27.7637
17	-27.7637
17	-27.6758
17	-27.6758
17	-27.6758
17	-27.6758
17	-27.6758
17	-27.6758
17	-27.6758
17	-27.6758
17	-27.6758
17	-27.5879
17	-27.5879
17	-27.5879
17	-27.5879
17	-27.5879
17	-27.5879
17	-27.5879
17	-27.5879
17	-27.5879
17	-27.5
17	-27.5
17	-27.5
17	-27.5
17	-27.5
17	-27.5
17	-27.5
17	-27.5
17	-27.5
17	-27.4121
17	-27.4121
17	-27.4121
17	-27.4121
17	-27.4121
17	-27.4121
17	-27.4121
17	-27.4121
17	-27.4121
17	-27.4121
17	-27.4121
17	-27.4121
17	-27.3242
17	-27.3242
17	-27.3242
17	-27.3242
17	-27.3242
17	-27.3242
17	-27.3242
17	-27.3242
17	-27.3242
17	-27.3242
18	-27.3242
18	-27.3242
18	-27.3242
18	-27.3242
18	-27.2363
18	-27.2363
18	-27.2363
18	-27.2363
18	-27.2363
18	-27.2363
18	-27.2363
18	-27.2363
18	-27.2363
18	-27.2363
18	-27.2363
18	-27.2363
18	-27.2363
18	-27.2363
18	-27.2363
18	-27.2363
18	-27.2363
18	-27.2363
18	-27.1484
18	-27.1484
18	-27.1484
18	-27.1484
18	-27.1484
18	-27.1484
18	-27.1484
18	-27.1484
18	-27.1484
18	-27.1484
18	-27.1484
18	-27.1484
18	-27.1484
18	-27.1484
18	-27.1484
18	-27.1484
18	-27.1484
18	-27.1484
18	-27.1484
18	-27.1484
18	-27.1484
18	-27.1484
18	-27.1484
18	-27.1484
18	-27.1484
18	-27.1484
18	-27.1484
18	-27.1484
18	-27.0605
18	-27.0605
18	-27.0605
18	-27.0605
18	-27.0605
18	-27.0605
18	-27.0605
18	-27.0605
18	-27.0605
18	-27.0605
18	-27.0605
18	-27.0605
18	-27.0605
18	-27.0605
18	-27.0605
18	-27.0605
18	-27.0605
18	-27.0605
18	-27.0605
18	-27.0605
18	-27.0605
18	-27.0605
18	-27.0605
18	-27.0605
18	-27.0605
18	-27.0605
18	-27.0605
18	-27.0605
18	-27.0605
18	-27.0605
18	-27.0605
18	-27.0605
18	-27.0605
18	-27.0605
18	-27.0605
18	-27.0605
18	-27.0605
18	-27.0605
18	-27.1484
18	-27.1484
18	-27.1484
18	-27.1484
18	-27.1484
18	-27.1484
18	-27.1484
18	-27.1484
18	-27.1484
18	-27.1484
18	-27.1484
18	-27.1484
18	-27.1484
18	-27.1484
18	-27.1484
18	-27.1484
18	-27.1484
18	-27.1484
18	-27.1484
18	-27.1484
18	-27.1484
18	-27.1484
18	-27.2363
18	-27.2363
18	-27.2363
18	-27.2363
18	-27.2363
18	-27.2363
18	-27.2363
18	-27.2363
18	-27.2363
18	-27.2363
18	-27.2363
18	-27.2363
18	-27.2363
18	-27.2363
18	-27.2363
18	-27.2363
18	-27.2363
18	-27.3242
18	-27.3242
18	-27.3242
18	-27.3242
18	-27.3242
18	-27.3242
18	-27.3242
18	-27.3242
18	-27.3242
18	-27.3242
18	-27.3242
18	-27.3242
18	-27.3242
18	-27.3242
18	-27.4121
18	-27.4121
18	-27.4121
18	-27.4121
18	-27.4121
18	-27.4121
18	-27.4121
18	-27.4121
18	-27.4121
18	-27.4121
18	-27.4121
18	-27.4121
18	-27.5
18	-27.5
18	-27.5
18	-27.5
18	-27.5
18	-27.5
18	-27.5
18	-27.5
18	-27.5
18	-27.5879
18	-27.5879
18	-27.5879
18	-27.5879
18	-27.5879
18	-27.5879
18	-27.5879
18	-27.5879
18	-27.5879
18	-27.6758
18	-27.6758
18	-27.6758
18	-27.6758
18	-27.6758
18	-27.6758
18	-27.6758
18	-27.6758
18	-27.6758
18	-27.7637
18	-27.7637
18	-27.7637
18	-27.7637
18	-27.7637
18	-27.7637
18	-27.7637
18	-27.7637
18	-27.7637
18	-27.8516
18	-27.8516
18	-27.8516
18	-27.8516
18	-27.8516
18	-27.8516
18	-27.8516
18	-27.9395
18	-27.9395
18	-27.9395
18	-27.9395
18	-27.9395
19	-27.9395
19	-27.9395
19	-28.0273
19	-28.0273
19	-28.0273
19	-28.0273
19	-28.0273
19	-28.0273
19	-28.0273
19	-28.0273
19	-28.1152
19	-28.1152
19	-28.1152
19	-28.1152
19	-28.1152
19	-28.1152
19	-28.1152
19	-28.2031
19	-28.2031
19	-28.2031
19	-28.2031
19	-28.2031
19	-28.2031
19	-28.291
19	-28.291
19	-28.291
19	-28.291
19	-28.291
19	-28.291
19	-28.291
19	-28.3789
19	-28.3789
19	-28.3789
19	-28.3789
19	-28.3789
19	-28.3789
19	-28.4668
19	-28.4668
19	-28.4668
19	-28.4668
19	-28.4668
19	-28.4668
19	-28.4668
19	-28.5547
19	-28.5547
19	-28.5547
19	-28.5547
19	-28.5547
19	-28.6426
19	-28.6426
19	-28.6426
19	-28.6426
19	-28.6426
19	-28.6426
19	-28.7305
19	-28.7305
19	-28.7305
19	-28.7305
19	-28.7305
19	-28.7305
19	-28.7305
19	-28.8184
19	-28.8184
19	-28.8184
19	-28.8184
19	-28.8184
19	-28.8184
19	-28.9062
19	-28.9062
19	-28.9062
19	-28.9062
19	-28.9062
19	-28.9941
19	-28.9941
19	-28.9941
19	-28.9941
19	-28.9941
19	-28.9941
19	-29.082
19	-29.082
19	-29.082
19	-29.082
19	-29.082
19	-29.082
19	-29.1699
19	-29.1699
19	-29.1699
19	-29.1699
19	-29.1699
19	-29.1699
19	-29.2578
19	-29.2578
19	-29.2578
19	-29.2578
19	-29.2578
19	-29.3457
19	-29.3457
19	-29.3457
19	-29.3457
19	-29.3457
19	-29.4336
19	-29.4336
19	-29.4336
19	-29.4336
19	-29.4336
19	-29.4336
19	-29.5215
19	-29.5215
19	-29.5215
19	-29.5215
19	-29.5215
19	-29.5215
19	-29.6094
19	-29.6094
19	-29.6094
19	-29.6094
19	-29.6094
19	-29.6973
19	-29.6973
19	-29.6973
19	-29.6973
19	-29.6973
19	-29.6973
19	-29.7852
19	-29.7852
19	-29.7852
19	-29.7852
19	-29.7852
19	-29.7852
19	-29.873
19	-29.873
19	-29.873
19	-29.873
19	-29.873
19	-29.9609
19	-29.9609
19	-29.9609
19	-29.9609
19	-29.9609
19	-30.0488
19	-30.0488
19	-30.0488
19	-30.0488
19	-30.0488
19	-30.0488
19	-30.1367
19	-30.1367
19	-30.1367
19	-30.1367
19	-30.1367
19	-30.1367
19	-30.2246
19	-30.2246
19	-30.2246
19	-30.2246
19	-30.2246
19	-30.2246
19	-30.3125
19	-30.3125
19	-30.3125
19	-30.3125
19	-30.3125
19	-30.4004
19	-30.4004
19	-30.4004
19	-30.4004
19	-30.4004
19	-30.4004
19	-30.4883
19	-30.4883
19	-30.4883
19	-30.4883
19	-30.4883
19	-30.4883
19	-30.5762
19	-30.5762
19	-30.5762
19	-30.5762
19	-30.5762
19	-30.5762
19	-30.5762
19	-30.6641
19	-30.6641
19	-30.6641
19	-30.6641
19	-30.6641
19	-30.752
19	-30.752
19	-30.752
19	-30.752
19	-30.752
19	-30.752
19	-30.8398
19	-30.8398
19	-30.8398
19	-30.8398
19	-30.8398
19	-30.8398
19	-30.8398
20	-30.9277
20	-30.9277
20	-30.9277
20	-30.9277
20	-30.9277
20	-30.9277
20	-30.9277
20	-31.0156
20	-31.0156
20	-31.0156
20	-31.0156
20	-31.0156
20	-31.1035
20	-31.1035
20	-31.1035
20	-31.1035
20	-31.1035
20	-31.1035
20	-31.1035
20	-31.1914
20	-31.1914
20	-31.1914
20	-31.1914
20	-31.1914
20	-31.1914
20	-31.1914
20	-31.1914
20	-31.2793
20	-31.2793
20	-31.2793
20	-31.2793
20	-31.2793
20	-31.2793
20	-31.2793
20	-31.3672
20	-31.3672
20	-31.3672
20	-31.3672
20	-31.3672
20	-31.3672
20	-31.4551
20	-31.4551
20	-31.4551
20	-31.4551
20	-31.4551
20	-31.4551
20	-31.4551
20	-31.4551
20	-31.4551
20	-31.543
20	-31.543
20	-31.543
20	-31.543
20	-31.543
20	-31.543
20	-31.543
20	-31.543
20	-31.6309
20	-31.6309
20	-31.6309
20	-31.6309
20	-31.6309
20	-31.6309
20	-31.6309
20	-31.6309
20	-31.6309
20	-31.7187
20	-31.7187
20	-31.7187
20	-31.7187
20	-31.7187
20	-31.7187
20	-31.7187
20	-31.7187
20	-31.8066
20	-31.8066
20	-31.8066
20	-31.8066
20	-31.8066
20	-31.8066
20	-31.8066
20	-31.8066
20	-31.8066
20	-31.8066
20	-31.8945
20	-31.8945
20	-31.8945
20	-31.8945
20	-31.8945
20	-31.8945
20	-31.8945
20	-31.8945
20	-31.8945
20	-31.8945
20	-31.8945
20	-31.8945
20	-31.9824
20	-31.9824
20	-31.9824
20	-31.9824
20	-31.9824
20	-31.9824
20	-31.9824
20	-31.9824
20	-31.9824
20	-31.9824
20	-31.9824
20	-31.9824
20	-32.0703
20	-32.0703
20	-32.0703
20	-32.0703
20	-32.0703
20	-32.0703
20	-32.0703
20	-32.0703
20	-32.0703
20	-32.0703
20	-32.0703
20	-32.0703
20	-32.0703
20	-32.0703
20	-32.1582
20	-32.1582
20	-32.1582
20	-32.1582
20	-32.1582
20	-32.1582
20	-32.1582
20	-32.1582
20	-32.1582
20	-32.1582
20	-32.1582
20	-32.1582
20	-32.1582
20	-32.1582
20	-32.1582
20	-32.1582
20	-32.1582
20	-32.1582
20	-32.1582
20	-32.1582
20	-32.1582
20	-32.2461
20	-32.2461
20	-32.2461
20	-32.2461
20	-32.2461
20	-32.2461
20	-32.2461
20	-32.2461
20	-32.2461
20	-32.2461
20	-32.2461
20	-32.2461
20	-32.2461
20	-32.2461
20	-32.2461
20	-32.2461
20	-32.2461
20	-32.2461
20	-32.2461
20	-32.2461
20	-32.2461
20	-32.2461
20	-32.2461
20	-32.2461
20	-32.2461
20	-32.2461
20	-32.2461
20	-32.2461
20	-32.2461
20	-32.2461
20	-32.2461
20	-32.2461
20	-32.2461
20	-32.2461
20	-32.2461
20	-32.2461
20	-32.2461
20	-32.2461
20	-32.2461
20	-32.2461
20	-32.2461
20	-32.2461
20	-32.2461
20	-32.2461
20	-32.2461
20	-32.2461
20	-32.2461
20	-32.2461
20	-32.2461
20	-32.2461
20	-32.2461
20	-32.2461
20	-32.2461
20	-32.2461
20	-32.2461
20	-32.2461
20	-32.2461
20	-32.2461
21	-32.2461
21	-32.2461
21	-32.2461
21	-32.2461
21	-32.2461
21	-32.2461
21	-32.2461
21	-32.2461
21	-32.2461
21	-32.2461
21	-32.2461
21	-32.2461
21	-32.2461
21	-32.2461
21	-32.2461
21	-32.2461
21	-32.1582
21	-32.1582
21	-32.1582
21	-32.1582
21	-32.1582
21	-32.1582
21	-32.1582
21	-32.1582
21	-32.1582
21	-32.1582
21	-32.1582
21	-32.1582
21	-32.1582
21	-32.1582
21	-32.1582
21	-32.1582
21	-32.1582
21	-32.1582
21	-32.1582
21	-32.0703
21	-32.0703
21	-32.0703
21	-32.0703
21	-32.0703
21	-32.0703
21	-32.0703
21	-32.0703
21	-32.0703
21	-32.0703
21	-32.0703
21	-32.0703
21	-32.0703
21	-31.9824
21	-31.9824
21	-31.9824
21	-31.9824
21	-31.9824
21	-31.9824
21	-31.9824
21	-31.9824
21	-31.9824
21	-31.9824
21	-31.9824
21	-31.9824
21	-31.9824
21	-31.8945
21	-31.8945
21	-31.8945
21	-31.8945
21	-31.8945
21	-31.8945
21	-31.8945
21	-31.8945
21	-31.8945
21	-31.8945
21	-31.8945
21	-31.8945
21	-31.8066
21	-31.8066
21	-31.8066
21	-31.8066
21	-31.8066
21	-31.8066
21	-31.8066
21	-31.8066
21	-31.8066
21	-31.7187
21	-31.7187
21	-31.7187
21	-31.7187
21	-31.7187
21	-31.7187
21	-31.7187
21	-31.7187
21	-31.7187
21	-31.6309
21	-31.6309
21	-31.6309
21	-31.6309
21	-31.6309
21	-31.6309
21	-31.6309
21	-31.6309
21	-31.6309
21	-31.543
21	-31.543
21	-31.543
21	-31.543
21	-31.543
21	-31.543
21	-31.543
21	-31.543
21	-31.4551
21	-31.4551
21	-31.4551
21	-31.4551
21	-31.4551
21	-31.4551
21	-31.4551
21	-31.4551
21	-31.3672
21	-31.3672
21	-31.3672
21	-31.3672
21	-31.3672
21	-31.3672
21	-31.3672
21	-31.2793
21	-31.2793
21	-31.2793
21	-31.2793
21	-31.2793
21	-31.2793
21	-31.2793
21	-31.1914
21	-31.1914
21	-31.1914
21	-31.1914
21	-31.1914
21	-31.1914
21	-31.1914
21	-31.1914
21	-31.1035
21	-31.1035
21	-31.1035
21	-31.1035
21	-31.1035
21	-31.1035
21	-31.1035
21	-31.0156
21	-31.0156
21	-31.0156
21	-31.0156
21	-31.0156
21	-31.0156
21	-30.9277
21	-30.9277
21	-30.9277
21	-30.9277
21	-30.9277
21	-30.9277
21	-30.9277
21	-30.8398
21	-30.8398
21	-30.8398
21	-30.8398
21	-30.8398
21	-30.8398
21	-30.752
21	-30.752
21	-30.752
21	-30.752
21	-30.752
21	-30.752
21	-30.752
21	-30.6641
21	-30.6641
21	-30.6641
21	-30.6641
21	-30.6641
21	-30.5762
21	-30.5762
21	-30.5762
21	-30.5762
21	-30.5762
21	-30.5762
21	-30.5762
21	-30.4883
21	-30.4883
21	-30.4883
21	-30.4883
21	-30.4883
21	-30.4883
21	-30.4004
21	-30.4004
21	-30.4004
21	-30.4004
21	-30.4004
21	-30.4004
21	-30.3125
21	-30.3125
21	-30.3125
21	-30.3125
22	-30.3125
22	-30.3125
22	-30.2246
22	-30.2246
22	-30.2246
22	-30.2246
22	-30.2246
22	-30.2246
22	-30.1367
22	-30.1367
22	-30.1367
22	-30.1367
22	-30.1367
22	-30.1367
22	-30.0488
22	-30.0488
22	-30.0488
22	-30.0488
22	-30.0488
22	-30.0488
22	-29.9609
22	-29.9609
22	-29.9609
22	-29.9609
22	-29.9609
22	-29.873
22	-29.873
22	-29.873
22	-29.873
22	-29.873
22	-29.873
22	-29.873
22	-29.7852
22	-29.7852
22	-29.7852
22	-29.7852
22	-29.7852
22	-29.7852
22	-29.6973
22	-29.6973
22	-29.6973
22	-29.6973
22	-29.6973
22	-29.6973
22	-29.6094
22	-29.6094
22	-29.6094
22	-29.6094
22	-29.6094
22	-29.5215
22	-29.5215
22	-29.5215
22	-29.5215
22	-29.5215
22	-29.5215
22	-29.4336
22	-29.4336
22	-29.4336
22	-29.4336
22	-29.4336
22	-29.4336
22	-29.4336
22	-29.3457
22	-29.3457
22	-29.3457
22	-29.3457
22	-29.3457
22	-29.3457
22	-29.2578
22	-29.2578
22	-29.2578
22	-29.2578
22	-29.2578
22	-29.1699
22	-29.1699
22	-29.1699
22	-29.1699
22	-29.1699
22	-29.1699
22	-29.1699
22	-29.082
22	-29.082
22	-29.082
22	-29.082
22	-29.082
22	-29.082
22	-28.9941
22	-28.9941
22	-28.9941
22	-28.9941
22	-28.9941
22	-28.9941
22	-28.9941
22	-28.9062
22	-28.9062
22	-28.9062
22	-28.9062
22	-28.9062
22	-28.8184
22	-28.8184
22	-28.8184
22	-28.8184
22	-28.8184
22	-28.8184
22	-28.8184
22	-28.7305
22	-28.7305
22	-28.7305
22	-28.7305
22	-28.7305
22	-28.7305
22	-28.7305
22	-28.6426
22	-28.6426
22	-28.6426
22	-28.6426
22	-28.6426
22	-28.6426
22	-28.6426
22	-28.5547
22	-28.5547
22	-28.5547
22	-28.5547
22	-28.5547
22	-28.5547
22	-28.4668
22	-28.4668
22	-28.4668
22	-28.4668
22	-28.4668
22	-28.4668
22	-28.4668
22	-28.4668
22	-28.3789
22	-28.3789
22	-28.3789
22	-28.3789
22	-28.3789
22	-28.3789
22	-28.3789
22	-28.3789
22	-28.291
22	-28.291
22	-28.291
22	-28.291
22	-28.291
22	-28.291
22	-28.291
22	-28.291
22	-28.2031
22	-28.2031
22	-28.2031
22	-28.2031
22	-28.2031
22	-28.2031
22	-28.2031
22	-28.1152
22	-28.1152
22	-28.1152
22	-28.1152
22	-28.1152
22	-28.1152
22	-28.1152
22	-28.1152
22	-28.0273
22	-28.0273
22	-28.0273
22	-28.0273
22	-28.0273
22	-28.0273
22	-28.0273
22	-28.0273
22	-28.0273
22	-28.0273
22	-27.9395
22	-27.9395
22	-27.9395
22	-27.9395
22	-27.9395
22	-27.9395
22	-27.9395
22	-27.9395
22	-27.9395
22	-27.9395
22	-27.8516
22	-27.8516
22	-27.8516
22	-27.8516
22	-27.8516
22	-27.8516
22	-27.8516
22	-27.8516
22	-27.8516
22	-27.7637
22	-27.7637
22	-27.7637
22	-27.7637
22	-27.7637
22	-27.7637
22	-27.7637
22	-27.7637
23	-27.7637
23	-27.7637
23	-27.7637
23	-27.7637
23	-27.6758
23	-27.6758
23	-27.6758
23	-27.6758
23	-27.6758
23	-27.6758
23	-27.6758
23	-27.6758
23	-27.6758
23	-27.6758
23	-27.6758
23	-27.6758
23	-27.6758
23	-27.5879
23	-27.5879
23	-27.5879
23	-27.5879
23	-27.5879
23	-27.5879
23	-27.5879
23	-27.5879
23	-27.5879
23	-27.5879
23	-27.5879
23	-27.5879
23	-27.5879
23	-27.5879
23	-27.5879
23	-27.5879
23	-27.5879
23	-27.5
23	-27.5
23	-27.5
23	-27.5
23	-27.5
23	-27.5
23	-27.5
23	-27.5
23	-27.5
23	-27.5
23	-27.5
23	-27.5
23	-27.5
23	-27.5
23	-27.5
23	-27.5
23	-27.5
23	-27.5
23	-27.5
23	-27.5
23	-27.5
23	-27.4121
23	-27.4121
23	-27.4121
23	-27.4121
23	-27.4121
23	-27.4121
23	-27.4121
23	-27.4121
23	-27.4121
23	-27.4121
23	-27.4121
23	-27.4121
23	-27.4121
23	-27.4121
23	-27.4121
23	-27.4121
23	-27.4121
23	-27.4121
23	-27.4121
23	-27.4121
23	-27.4121
23	-27.4121
23	-27.4121
23	-27.4121
23	-27.4121
23	-27.4121
23	-27.4121
23	-27.4121
23	-27.4121
23	-27.4121
23	-27.4121
23	-27.4121
23	-27.4121
23	-27.4121
23	-27.4121
23	-27.4121
23	-27.4121
23	-27.4121
23	-27.4121
23	-27.4121
23	-27.4121
23	-27.4121
23	-27.4121
23	-27.4121
23	-27.4121
23	-27.4121
23	-27.4121
23	-27.4121
23	-27.4121
23	-27.4121
23	-27.4121
23	-27.4121
23	-27.4121
23	-27.4121
23	-27.4121
23	-27.4121
23	-27.4121
23	-27.4121
23	-27.4121
23	-27.4121
23	-27.4121
23	-27.4121
23	-27.4121
23	-27.4121
23	-27.4121
23	-27.4121
23	-27.4121
23	-27.4121
23	-27.4121
23	-27.5
23	-27.5
23	-27.5
23	-27.5
23	-27.5
23	-27.5
23	-27.5
23	-27.5
23	-27.5
23	-27.5
23	-27.5
23	-27.5
23	-27.5
23	-27.5
23	-27.5
23	-27.5
23	-27.5
23	-27.5
23	-27.5
23	-27.5879
23	-27.5879
23	-27.5879
23	-27.5879
23	-27.5879
23	-27.5879
23	-27.5879
23	-27.5879
23	-27.5879
23	-27.5879
23	-27.5879
23	-27.5879
23	-27.5879
23	-27.5879
23	-27.5879
23	-27.5879
23	-27.6758
23	-27.6758
23	-27.6758
23	-27.6758
23	-27.6758
23	-27.6758
23	-27.6758
23	-27.6758
23	-27.6758
23	-27.6758
23	-27.6758
23	-27.6758
23	-27.6758
23	-27.7637
23	-27.7637
23	-27.7637
23	-27.7637
23	-27.7637
23	-27.7637
23	-27.7637
23	-27.7637
23	-27.7637
23	-27.7637
23	-27.7637
23	-27.7637
23	-27.8516
23	-27.8516
23	-27.8516
23	-27.8516
23	-27.8516
23	-27.8516
23	-27.8516
23	-27.8516
23	-27.8516
23	-27.9395
23	-27.9395
23	-27.9395
23	-27.9395
23	-27.9395
23	-27.9395
24	-27.9395
24	-27.9395
24	-27.9395
24	-27.9395
24	-28.0273
24	-28.0273
24	-28.0273
24	-28.0273
24	-28.0273
24	-28.0273
24	-28.0273
24	-28.0273
24	-28.0273
24	-28.1152
24	-28.1152
24	-28.1152
24	-28.1152
24	-28.1152
24	-28.1152
24	-28.1152
24	-28.1152
24	-28.1152
24	-28.2031
24	-28.2031
24	-28.2031
24	-28.2031
24	-28.2031
24	-28.2031
24	-28.2031
24	-28.291
24	-28.291
24	-28.291
24	-28.291
24	-28.291
24	-28.291
24	-28.291
24	-28.291
24	-28.3789
24	-28.3789
24	-28.3789
24	-28.3789
24	-28.3789
24	-28.3789
24	-28.3789
24	-28.3789
24	-28.4668
24	-28.4668
24	-28.4668
24	-28.4668
24	-28.4668
24	-28.4668
24	-28.4668
24	-28.5547
24	-28.5547
24	-28.5547
24	-28.5547
24	-28.5547
24	-28.5547
24	-28.5547
24	-28.6426
24	-28.6426
24	-28.6426
24	-28.6426
24	-28.6426
24	-28.6426
24	-28.6426
24	-28.7305
24	-28.7305
24	-28.7305
24	-28.7305
24	-28.7305
24	-28.7305
24	-28.7305
24	-28.8184
24	-28.8184
24	-28.8184
24	-28.8184
24	-28.8184
24	-28.8184
24	-28.8184
24	-28.9062
24	-28.9062
24	-28.9062
24	-28.9062
24	-28.9062
24	-28.9062
24	-28.9941
24	-28.9941
24	-28.9941
24	-28.9941
24	-28.9941
24	-28.9941
24	-29.082
24	-29.082
24	-29.082
24	-29.082
24	-29.082
24	-29.082
24	-29.082
24	-29.1699
24	-29.1699
24	-29.1699
24	-29.1699
24	-29.1699
24	-29.1699
24	-29.1699
24	-29.2578
24	-29.2578
24	-29.2578
24	-29.2578
24	-29.2578
24	-29.3457
24	-29.3457
24	-29.3457
24	-29.3457
24	-29.3457
24	-29.3457
24	-29.4336
24	-29.4336
24	-29.4336
24	-29.4336
24	-29.4336
24	-29.4336
24	-29.4336
24	-29.5215
24	-29.5215
24	-29.5215
24	-29.5215
24	-29.5215
24	-29.5215
24	-29.6094
24	-29.6094
24	-29.6094
24	-29.6094
24	-29.6094
24	-29.6094
24	-29.6973
24	-29.6973
24	-29.6973
24	-29.6973
24	-29.6973
24	-29.6973
24	-29.7852
24	-29.7852
24	-29.7852
24	-29.7852
24	-29.7852
24	-29.7852
24	-29.7852
24	-29.873
24	-29.873
24	-29.873
24	-29.873
24	-29.873
24	-29.873
24	-29.9609
24	-29.9609
24	-29.9609
24	-29.9609
24	-29.9609
24	-30.0488
24	-30.0488
24	-30.0488
24	-30.0488
24	-30.0488
24	-30.0488
24	-30.0488
24	-30.1367
24	-30.1367
24	-30.1367
24	-30.1367
24	-30.1367
24	-30.1367
24	-30.1367
24	-30.2246
24	-30.2246
24	-30.2246
24	-30.2246
24	-30.2246
24	-30.2246
24	-30.3125
24	-30.3125
24	-30.3125
24	-30.3125
24	-30.3125
24	-30.4004
24	-30.4004
24	-30.4004
24	-30.4004
24	-30.4004
24	-30.4004
24	-30.4004
24	-30.4883
24	-30.4883
24	-30.4883
24	-30.4883
24	-30.4883
24	-30.4883
24	-30.4883
24	-30.5762
24	-30.5762
25	-30.5762
25	-30.5762
25	-30.5762
25	-30.5762
25	-30.5762
25	-30.6641
25	-30.6641
25	-30.6641
25	-30.6641
25	-30.6641
25	-30.6641
25	-30.752
25	-30.752
25	-30.752
25	-30.752
25	-30.752
25	-30.752
25	-30.752
25	-30.8398
25	-30.8398
25	-30.8398
25	-30.8398
25	-30.8398
25	-30.8398
25	-30.8398
25	-30.9277
25	-30.9277
25	-30.9277
25	-30.9277
25	-30.9277
25	-30.9277
25	-30.9277
25	-30.9277
25	-31.0156
25	-31.0156
25	-31.0156
25	-31.0156
25	-31.0156
25	-31.0156
25	-31.1035
25	-31.1035
25	-31.1035
25	-31.1035
25	-31.1035
25	-31.1035
25	-31.1035
25	-31.1035
25	-31.1914
25	-31.1914
25	-31.1914
25	-31.1914
25	-31.1914
25	-31.1914
25	-31.1914
25	-31.1914
25	-31.1914
25	-31.2793
25	-31.2793
25	-31.2793
25	-31.2793
25	-31.2793
25	-31.2793
25	-31.2793
25	-31.2793
25	-31.3672
25	-31.3672
25	-31.3672
25	-31.3672
25	-31.3672
25	-31.3672
25	-31.3672
25	-31.3672
25	-31.4551
25	-31.4551
25	-31.4551
25	-31.4551
25	-31.4551
25	-31.4551
25	-31.4551
25	-31.4551
25	-31.4551
25	-31.543
25	-31.543
25	-31.543
25	-31.543
25	-31.543
25	-31.543
25	-31.543
25	-31.543
25	-31.543
25	-31.543
25	-31.543
25	-31.6309
25	-31.6309
25	-31.6309
25	-31.6309
25	-31.6309
25	-31.6309
25	-31.6309
25	-31.6309
25	-31.6309
25	-31.6309
25	-31.6309
25	-31.7187
25	-31.7187
25	-31.7187
25	-31.7187
25	-31.7187
25	-31.7187
25	-31.7187
25	-31.7187
25	-31.7187
25	-31.7187
25	-31.7187
25	-31.8066
25	-31.8066
25	-31.8066
25	-31.8066
25	-31.8066
25	-31.8066
25	-31.8066
25	-31.8066
25	-31.8066
25	-31.8066
25	-31.8066
25	-31.8066
25	-31.8066
25	-31.8066
25	-31.8945
25	-31.8945
25	-31.8945
25	-31.8945
25	-31.8945
25	-31.8945
25	-31.8945
25	-31.8945
25	-31.8945
25	-31.8945
25	-31.8945
25	-31.8945
25	-31.8945
25	-31.8945
25	-31.8945
25	-31.8945
25	-31.8945
25	-31.8945
25	-31.9824
25	-31.9824
25	-31.9824
25	-31.9824
25	-31.9824
25	-31.9824
25	-31.9824
25	-31.9824
25	-31.9824
25	-31.9824
25	-31.9824
25	-31.9824
25	-31.9824
25	-31.9824
25	-31.9824
25	-31.9824
25	-31.9824
25	-31.9824
25	-31.9824
25	-31.9824
25	-31.9824
25	-31.9824
25	-31.9824
25	-31.9824
25	-31.9824
25	-31.9824
25	-31.9824
25	-31.9824
25	-31.9824
25	-31.9824
25	-32.0703
25	-32.0703
25	-32.0703
25	-32.0703
25	-32.0703
25	-32.0703
25	-32.0703
25	-32.0703
25	-32.0703
25	-32.0703
25	-32.0703
25	-32.0703
25	-32.0703
25	-32.0703
25	-32.0703
25	-32.0703
25	-32.0703
25	-32.0703
25	-32.0703
25	-32.0703
25	-32.0703
25	-32.0703
25	-32.0703
26	-32.0703
26	-32.0703
26	-32.0703
26	-32.0703
26	-32.0703
26	-32.0703
26	-32.0703
26	-32.0703
26	-32.0703
26	-32.0703
26	-32.0703
26	-32.0703
26	-32.0703
26	-32.0703
26	-32.0703
26	-32.0703
26	-32.0703
26	-32.0703
26	-32.0703
26	-32.0703
26	-32.0703
26	-32.0703
26	-32.0703
26	-32.0703
26	-32.0703
26	-31.9824
26	-31.9824
26	-31.9824
26	-31.9824
26	-31.9824
26	-31.9824
26	-31.9824
26	-31.9824
26	-31.9824
26	-31.9824
26	-31.9824
26	-31.9824
26	-31.9824
26	-31.9824
26	-31.9824
26	-31.9824
26	-31.9824
26	-31.9824
26	-31.9824
26	-31.9824
26	-31.9824
26	-31.9824
26	-31.9824
26	-31.9824
26	-31.9824
26	-31.9824
26	-31.8945
26	-31.8945
26	-31.8945
26	-31.8945
26	-31.8945
26	-31.8945
26	-31.8945
26	-31.8945
26	-31.8945
26	-31.8945
26	-31.8945
26	-31.8945
26	-31.8945
26	-31.8945
26	-31.8945
26	-31.8945
26	-31.8945
26	-31.8945
26	-31.8066
26	-31.8066
26	-31.8066
26	-31.8066
26	-31.8066
26	-31.8066
26	-31.8066
26	-31.8066
26	-31.8066
26	-31.8066
26	-31.8066
26	-31.8066
26	-31.8066
26	-31.7187
26	-31.7187
26	-31.7187
26	-31.7187
26	-31.7187
26	-31.7187
26	-31.7187
26	-31.7187
26	-31.7187
26	-31.7187
26	-31.7187
26	-31.7187
26	-31.6309
26	-31.6309
26	-31.6309
26	-31.6309
26	-31.6309
26	-31.6309
26	-31.6309
26	-31.6309
26	-31.6309
26	-31.6309
26	-31.6309
26	-31.543
26	-31.543
26	-31.543
26	-31.543
26	-31.543
26	-31.543
26	-31.543
26	-31.543
26	-31.543
26	-31.543
26	-31.4551
26	-31.4551
26	-31.4551
26	-31.4551
26	-31.4551
26	-31.4551
26	-31.4551
26	-31.4551
26	-31.4551
26	-31.3672
26	-31.3672
26	-31.3672
26	-31.3672
26	-31.3672
26	-31.3672
26	-31.3672
26	-31.3672
26	-31.2793
26	-31.2793
26	-31.2793
26	-31.2793
26	-31.2793
26	-31.2793
26	-31.2793
26	-31.2793
26	-31.2793
26	-31.1914
26	-31.1914
26	-31.1914
26	-31.1914
26	-31.1914
26	-31.1914
26	-31.1914
26	-31.1914
26	-31.1914
26	-31.1035
26	-31.1035
26	-31.1035
26	-31.1035
26	-31.1035
26	-31.1035
26	-31.1035
26	-31.1035
26	-31.0156
26	-31.0156
26	-31.0156
26	-31.0156
26	-31.0156
26	-31.0156
26	-30.9277
26	-30.9277
26	-30.9277
26	-30.9277
26	-30.9277
26	-30.9277
26	-30.9277
26	-30.9277
26	-30.8398
26	-30.8398
26	-30.8398
26	-30.8398
26	-30.8398
26	-30.8398
26	-30.8398
26	-30.8398
26	-30.752
26	-30.752
26	-30.752
26	-30.752
26	-30.752
26	-30.752
26	-30.752
26	-30.6641
26	-30.6641
26	-30.6641
26	-30.6641
26	-30.6641
26	-30.6641
26	-30.5762
26	-30.5762
26	-30.5762
26	-30.5762
26	-30.5762
26	-30.5762
26	-30.5762
26	-30.4883
27	-30.4883
27	-30.4883
27	-30.4883
27	-30.4883
27	-30.4883
27	-30.4883
27	-30.4004
27	-30.4004
27	-30.4004
27	-30.4004
27	-30.4004
27	-30.4004
27	-30.4004
27	-30.3125
27	-30.3125
27	-30.3125
27	-30.3125
27	-30.3125
27	-30.3125
27	-30.2246
27	-30.2246
27	-30.2246
27	-30.2246
27	-30.2246
27	-30.2246
27	-30.2246
27	-30.1367
27	-30.1367
27	-30.1367
27	-30.1367
27	-30.1367
27	-30.1367
27	-30.0488
27	-30.0488
27	-30.0488
27	-30.0488
27	-30.0488
27	-30.0488
27	-30.0488
27	-29.9609
27	-29.9609
27	-29.9609
27	-29.9609
27	-29.9609
27	-29.9609
27	-29.873
27	-29.873
27	-29.873
27	-29.873
27	-29.873
27	-29.873
27	-29.873
27	-29.7852
27	-29.7852
27	-29.7852
27	-29.7852
27	-29.7852
27	-29.7852
27	-29.6973
27	-29.6973
27	-29.6973
27	-29.6973
27	-29.6973
27	-29.6973
27	-29.6973
27	-29.6094
27	-29.6094
27	-29.6094
27	-29.6094
27	-29.6094
27	-29.6094
27	-29.5215
27	-29.5215
27	-29.5215
27	-29.5215
27	-29.5215
27	-29.5215
27	-29.4336
27	-29.4336
27	-29.4336
27	-29.4336
27	-29.4336
27	-29.4336
27	-29.4336
27	-29.3457
27	-29.3457
27	-29.3457
27	-29.3457
27	-29.3457
27	-29.3457
27	-29.3457
27	-29.2578
27	-29.2578
27	-29.2578
27	-29.2578
27	-29.2578
27	-29.2578
27	-29.1699
27	-29.1699
27	-29.1699
27	-29.1699
27	-29.1699
27	-29.1699
27	-29.1699
27	-29.082
27	-29.082
27	-29.082
27	-29.082
27	-29.082
27	-29.082
27	-29.082
27	-28.9941
27	-28.9941
27	-28.9941
27	-28.9941
27	-28.9941
27	-28.9941
27	-28.9941
27	-28.9062
27	-28.9062
27	-28.9062
27	-28.9062
27	-28.9062
27	-28.9062
27	-28.9062
27	-28.8184
27	-28.8184
27	-28.8184
27	-28.8184
27	-28.8184
27	-28.8184
27	-28.8184
27	-28.8184
27	-28.7305
27	-28.7305
27	-28.7305
27	-28.7305
27	-28.7305
27	-28.7305
27	-28.7305
27	-28.6426
27	-28.6426
27	-28.6426
27	-28.6426
27	-28.6426
27	-28.6426
27	-28.6426
27	-28.6426
27	-28.5547
27	-28.5547
27	-28.5547
27	-28.5547
27	-28.5547
27	-28.5547
27	-28.5547
27	-28.5547
27	-28.4668
27	-28.4668
27	-28.4668
27	-28.4668
27	-28.4668
27	-28.4668
27	-28.4668
27	-28.4668
27	-28.3789
27	-28.3789
27	-28.3789
27	-28.3789
27	-28.3789
27	-28.3789
27	-28.3789
27	-28.3789
27	-28.3789
27	-28.291
27	-28.291
27	-28.291
27	-28.291
27	-28.291
27	-28.291
27	-28.291
27	-28.291
27	-28.291
27	-28.2031
27	-28.2031
27	-28.2031
27	-28.2031
27	-28.2031
27	-28.2031
27	-28.2031
27	-28.2031
27	-28.2031
27	-28.1152
27	-28.1152
27	-28.1152
27	-28.1152
27	-28.1152
27	-28.1152
27	-28.1152
27	-28.1152
28	-28.1152
28	-28.1152
28	-28.1152
28	-28.0273
28	-28.0273
28	-28.0273
28	-28.0273
28	-28.0273
28	-28.0273
28	-28.0273
28	-28.0273
28	-28.0273
28	-28.0273
28	-28.0273
28	-28.0273
28	-27.9395
28	-27.9395
28	-27.9395
28	-27.9395
28	-27.9395
28	-27.9395
28	-27.9395
28	-27.9395
28	-27.9395
28	-27.9395
28	-27.9395
28	-27.9395
28	-27.8516
28	-27.8516
28	-27.8516
28	-27.8516
28	-27.8516
28	-27.8516
28	-27.8516
28	-27.8516
28	-27.8516
28	-27.8516
28	-27.8516
28	-27.8516
28	-27.8516
28	-27.8516
28	-27.7637
28	-27.7637
28	-27.7637
28	-27.7637
28	-27.7637
28	-27.7637
28	-27.7637
28	-27.7637
28	-27.7637
28	-27.7637
28	-27.7637
28	-27.7637
28	-27.7637
28	-27.7637
28	-27.7637
28	-27.7637
28	-27.7637
28	-27.7637
28	-27.7637
28	-27.6758
28	-27.6758
28	-27.6758
28	-27.6758
28	-27.6758
28	-27.6758
28	-27.6758
28	-27.6758
28	-27.6758
28	-27.6758
28	-27.6758
28	-27.6758
28	-27.6758
28	-27.6758
28	-27.6758
28	-27.6758
28	-27.6758
28	-27.6758
28	-27.6758
28	-27.6758
28	-27.6758
28	-27.6758
28	-27.6758
28	-27.6758
28	-27.6758
28	-27.6758
28	-27.6758
28	-27.6758
28	-27.6758
28	-27.6758
28	-27.6758
28	-27.6758
28	-27.6758
28	-27.5879
28	-27.5879
28	-27.5879
28	-27.5879
28	-27.5879
28	-27.5879
28	-27.5879
28	-27.5879
28	-27.5879
28	-27.5879
28	-27.5879
28	-27.5879
28	-27.5879
28	-27.5879
28	-27.5879
28	-27.5879
28	-27.5879
28	-27.5879
28	-27.5879
28	-27.5879
28	-27.5879
28	-27.5879
28	-27.5879
28	-27.5879
28	-27.5879
28	-27.5879
28	-27.5879
28	-27.5879
28	-27.5879
28	-27.5879
28	-27.5879
28	-27.5879
28	-27.5879
28	-27.5879
28	-27.5879
28	-27.5879
28	-27.5879
28	-27.5879
28	-27.5879
28	-27.5879
28	-27.5879
28	-27.5879
28	-27.5879
28	-27.5879
28	-27.6758
28	-27.6758
28	-27.6758
28	-27.6758
28	-27.6758
28	-27.6758
28	-27.6758
28	-27.6758
28	-27.6758
28	-27.6758
28	-27.6758
28	-27.6758
28	-27.6758
28	-27.6758
28	-27.6758
28	-27.6758
28	-27.6758
28	-27.6758
28	-27.6758
28	-27.6758
28	-27.6758
28	-27.6758
28	-27.6758
28	-27.6758
28	-27.6758
28	-27.6758
28	-27.6758
28	-27.6758
28	-27.7637
28	-27.7637
28	-27.7637
28	-27.7637
28	-27.7637
28	-27.7637
28	-27.7637
28	-27.7637
28	-27.7637
28	-27.7637
28	-27.7637
28	-27.7637
28	-27.7637
28	-27.7637
28	-27.7637
28	-27.7637
28	-27.7637
28	-27.7637
28	-27.8516
28	-27.8516
28	-27.8516
28	-27.8516
28	-27.8516
28	-27.8516
28	-27.8516
28	-27.8516
28	-27.8516
28	-27.8516
28	-27.8516
28	-27.8516
28	-27.8516
28	-27.9395
28	-27.9395
28	-27.9395
28	-27.9395
28	-27.9395
29	-27.9395
29	-27.9395
29	-27.9395
29	-27.9395
29	-27.9395
29	-27.9395
29	-27.9395
29	-27.9395
29	-28.0273
29	-28.0273
29	-28.0273
29	-28.0273
29	-28.0273
29	-28.0273
29	-28.0273
29	-28.0273
29	-28.0273
29	-28.0273
29	-28.0273
29	-28.0273
29	-28.1152
29	-28.1152
29	-28.1152
29	-28.1152
29	-28.1152
29	-28.1152
29	-28.1152
29	-28.1152
29	-28.1152
29	-28.1152
29	-28.1152
29	-28.2031
29	-28.2031
29	-28.2031
29	-28.2031
29	-28.2031
29	-28.2031
29	-28.2031
29	-28.2031
29	-28.291
29	-28.291
29	-28.291
29	-28.291
29	-28.291
29	-28.291
29	-28.291
29	-28.291
29	-28.291
29	-28.291
29	-28.3789
29	-28.3789
29	-28.3789
29	-28.3789
29	-28.3789
29	-28.3789
29	-28.3789
29	-28.3789
29	-28.3789
29	-28.4668
29	-28.4668
29	-28.4668
29	-28.4668
29	-28.4668
29	-28.4668
29	-28.4668
29	-28.4668
29	-28.4668
29	-28.5547
29	-28.5547
29	-28.5547
29	-28.5547
29	-28.5547
29	-28.5547
29	-28.5547
29	-28.6426
29	-28.6426
29	-28.6426
29	-28.6426
29	-28.6426
29	-28.6426
29	-28.6426
29	-28.6426
29	-28.7305
29	-28.7305
29	-28.7305
29	-28.7305
29	-28.7305
29	-28.7305
29	-28.7305
29	-28.7305
29	-28.8184
29	-28.8184
29	-28.8184
29	-28.8184
29	-28.8184
29	-28.8184
29	-28.8184
29	-28.8184
29	-28.9062
29	-28.9062
29	-28.9062
29	-28.9062
29	-28.9062
29	-28.9062
29	-28.9941
29	-28.9941
29	-28.9941
29	-28.9941
29	-28.9941
29	-28.9941
29	-28.9941
29	-28.9941
29	-29.082
29	-29.082
29	-29.082
29	-29.082
29	-29.082
29	-29.082
29	-29.082
29	-29.1699
29	-29.1699
29	-29.1699
29	-29.1699
29	-29.1699
29	-29.1699
29	-29.1699
29	-29.1699
29	-29.2578
29	-29.2578
29	-29.2578
29	-29.2578
29	-29.2578
29	-29.2578
29	-29.3457
29	-29.3457
29	-29.3457
29	-29.3457
29	-29.3457
29	-29.3457
29	-29.3457
29	-29.4336
29	-29.4336
29	-29.4336
29	-29.4336
29	-29.4336
29	-29.4336
29	-29.4336
29	-29.5215
29	-29.5215
29	-29.5215
29	-29.5215
29	-29.5215
29	-29.5215
29	-29.5215
29	-29.6094
29	-29.6094
29	-29.6094
29	-29.6094
29	-29.6094
29	-29.6094
29	-29.6973
29	-29.6973
29	-29.6973
29	-29.6973
29	-29.6973
29	-29.6973
29	-29.6973
29	-29.7852
29	-29.7852
29	-29.7852
29	-29.7852
29	-29.7852
29	-29.7852
29	-29.7852
29	-29.873
29	-29.873
29	-29.873
29	-29.873
29	-29.873
29	-29.873
29	-29.873
29	-29.873
29	-29.9609
29	-29.9609
29	-29.9609
29	-29.9609
29	-29.9609
29	-29.9609
29	-30.0488
29	-30.0488
29	-30.0488
29	-30.0488
29	-30.0488
29	-30.0488
29	-30.0488
29	-30.1367
29	-30.1367
29	-30.1367
29	-30.1367
30	-30.1367
30	-30.1367
30	-30.1367
30	-30.2246
30	-30.2246
30	-30.2246
30	-30.2246
30	-30.2246
30	-30.2246
30	-30.2246
30	-30.3125
30	-30.3125
30	-30.3125
30	-30.3125
30	-30.3125
30	-30.3125
30	-30.3125
30	-30.4004
30	-30.4004
30	-30.4004
30	-30.4004
30	-30.4004
30	-30.4004
30	-30.4004
30	-30.4883
30	-30.4883
30	-30.4883
30	-30.4883
30	-30.4883
30	-30.4883
30	-30.4883
30	-30.4883
30	-30.5762
30	-30.5762
30	-30.5762
30	-30.5762
30	-30.5762
30	-30.5762
30	-30.5762
30	-30.5762
30	-30.6641
30	-30.6641
30	-30.6641
30	-30.6641
30	-30.6641
30	-30.6641
30	-30.6641
30	-30.752
30	-30.752
30	-30.752
30	-30.752
30	-30.752
30	-30.752
30	-30.752
30	-30.752
30	-30.8398
30	-30.8398
30	-30.8398
30	-30.8398
30	-30.8398
30	-30.8398
30	-30.8398
30	-30.8398
30	-30.9277
30	-30.9277
30	-30.9277
30	-30.9277
30	-30.9277
30	-30.9277
30	-30.9277
30	-30.9277
30	-30.9277
30	-31.0156
30	-31.0156
30	-31.0156
30	-31.0156
30	-31.0156
30	-31.0156
30	-31.0156
30	-31.0156
30	-31.1035
30	-31.1035
30	-31.1035
30	-31.1035
30	-31.1035
30	-31.1035
30	-31.1035
30	-31.1035
30	-31.1035
30	-31.1035
30	-31.1914
30	-31.1914
30	-31.1914
30	-31.1914
30	-31.1914
30	-31.1914
30	-31.1914
30	-31.1914
30	-31.1914
30	-31.1914
30	-31.2793
30	-31.2793
30	-31.2793
30	-31.2793
30	-31.2793
30	-31.2793
30	-31.2793
30	-31.2793
30	-31.2793
30	-31.2793
30	-31.2793
30	-31.3672
30	-31.3672
30	-31.3672
30	-31.3672
30	-31.3672
30	-31.3672
30	-31.3672
30	-31.3672
30	-31.3672
30	-31.3672
30	-31.4551
30	-31.4551
30	-31.4551
30	-31.4551
30	-31.4551
30	-31.4551
30	-31.4551
30	-31.4551
30	-31.4551
30	-31.4551
30	-31.4551
30	-31.4551
30	-31.4551
30	-31.4551
30	-31.543
30	-31.543
30	-31.543
30	-31.543
30	-31.543
30	-31.543
30	-31.543
30	-31.543
30	-31.543
30	-31.543
30	-31.543
30	-31.543
30	-31.543
30	-31.543
30	-31.543
30	-31.6309
30	-31.6309
30	-31.6309
30	-31.6309
30	-31.6309
30	-31.6309
30	-31.6309
30	-31.6309
30	-31.6309
30	-31.6309
30	-31.6309
30	-31.6309
30	-31.6309
30	-31.6309
30	-31.6309
30	-31.6309
30	-31.6309
30	-31.6309
30	-31.6309
30	-31.6309
30	-31.7187
30	-31.7187
30	-31.7187
30	-31.7187
30	-31.7187
30	-31.7187
30	-31.7187
30	-31.7187
30	-31.7187
30	-31.7187
30	-31.7187
30	-31.7187
30	-31.7187
30	-31.7187
30	-31.7187
30	-31.7187
30	-31.7187
30	-31.7187
30	-31.7187
30	-31.7187
30	-31.7187
30	-31.7187
30	-31.7187
30	-31.7187
30	-31.7187
30	-31.7187
30	-31.8066
30	-31.8066
30	-31.8066
30	-31.8066
30	-31.8066
31	-31.8066
31	-31.8066
31	-31.8066
31	-31.8066
31	-31.8066
31	-31.8066
31	-31.8066
31	-31.8066
31	-31.8066
31	-31.8066
31	-31.8066
31	-31.8066
31	-31.8066
31	-31.8066
31	-31.8066
31	-31.8066
31	-31.8066
31	-31.8066
31	-31.8066
31	-31.8066
31	-31.8066
31	-31.8066
31	-31.8066
31	-31.8066
31	-31.8066
31	-31.8066
31	-31.8066
31	-31.8066
31	-31.8066
31	-31.8066
31	-31.8066
31	-31.8066
31	-31.8066
31	-31.8066
31	-31.8066
31	-31.8066
31	-31.8066
31	-31.8066
31	-31.8066
31	-31.8066
31	-31.8066
31	-31.8066
31	-31.8066
31	-31.8066
31	-31.8066
31	-31.8066
31	-31.8066
31	-31.8066
31	-31.8066
31	-31.8066
31	-31.8066
31	-31.8066
31	-31.7187
31	-31.7187
31	-31.7187
31	-31.7187
31	-31.7187
31	-31.7187
31	-31.7187
31	-31.7187
31	-31.7187
31	-31.7187
31	-31.7187
31	-31.7187
31	-31.7187
31	-31.7187
31	-31.7187
31	-31.7187
31	-31.7187
31	-31.7187
31	-31.7187
31	-31.7187
31	-31.7187
31	-31.7187
31	-31.7187
31	-31.7187
31	-31.6309
31	-31.6309
31	-31.6309
31	-31.6309
31	-31.6309
31	-31.6309
31	-31.6309
31	-31.6309
31	-31.6309
31	-31.6309
31	-31.6309
31	-31.6309
31	-31.6309
31	-31.6309
31	-31.6309
31	-31.6309
31	-31.6309
31	-31.6309
31	-31.6309
31	-31.543
31	-31.543
31	-31.543
31	-31.543
31	-31.543
31	-31.543
31	-31.543
31	-31.543
31	-31.543
31	-31.543
31	-31.543
31	-31.543
31	-31.543
31	-31.543
31	-31.543
31	-31.543
31	-31.4551
31	-31.4551
31	-31.4551
31	-31.4551
31	-31.4551
31	-31.4551
31	-31.4551
31	-31.4551
31	-31.4551
31	-31.4551
31	-31.4551
31	-31.4551
31	-31.4551
31	-31.3672
31	-31.3672
31	-31.3672
31	-31.3672
31	-31.3672
31	-31.3672
31	-31.3672
31	-31.3672
31	-31.3672
31	-31.3672
31	-31.2793
31	-31.2793
31	-31.2793
31	-31.2793
31	-31.2793
31	-31.2793
31	-31.2793
31	-31.2793
31	-31.2793
31	-31.2793
31	-31.2793
31	-31.1914
31	-31.1914
31	-31.1914
31	-31.1914
31	-31.1914
31	-31.1914
31	-31.1914
31	-31.1914
31	-31.1914
31	-31.1914
31	-31.1914
31	-31.1035
31	-31.1035
31	-31.1035
31	-31.1035
31	-31.1035
31	-31.1035
31	-31.1035
31	-31.1035
31	-31.1035
31	-31.0156
31	-31.0156
31	-31.0156
31	-31.0156
31	-31.0156
31	-31.0156
31	-31.0156
31	-31.0156
31	-31.0156
31	-30.9277
31	-30.9277
31	-30.9277
31	-30.9277
31	-30.9277
31	-30.9277
31	-30.9277
31	-30.9277
31	-30.9277
31	-30.8398
31	-30.8398
31	-30.8398
31	-30.8398
31	-30.8398
31	-30.8398
31	-30.8398
31	-30.8398
31	-30.752
31	-30.752
31	-30.752
31	-30.752
31	-30.752
31	-30.752
31	-30.752
31	-30.752
32	-30.752
32	-30.6641
32	-30.6641
32	-30.6641
32	-30.6641
32	-30.6641
32	-30.6641
32	-30.6641
32	-30.5762
32	-30.5762
32	-30.5762
32	-30.5762
32	-30.5762
32	-30.5762
32	-30.5762
32	-30.5762
32	-30.4883
32	-30.4883
32	-30.4883
32	-30.4883
32	-30.4883
32	-30.4883
32	-30.4883
32	-30.4883
