Simulation Time - Reference	
	Elevation (deg) - Reference
	
0	-27.5
0	-27.5
0	-27.5
0	-27.5
0	-27.5
0	-27.5
0	-27.5
0	-27.5
0	-27.5
0	-27.5
0	-27.5
0	-27.5
0	-27.4121
0	-27.4121
0	-27.4121
0	-27.4121
0	-27.4121
0	-27.4121
0	-27.4121
0	-27.4121
0	-27.4121
0	-27.4121
0	-27.4121
0	-27.4121
0	-27.4121
0	-27.4121
0	-27.4121
0	-27.4121
0	-27.4121
0	-27.4121
0	-27.4121
0	-27.3242
0	-27.3242
0	-27.3242
0	-27.3242
0	-27.3242
0	-27.3242
0	-27.3242
0	-27.3242
0	-27.3242
0	-27.3242
0	-27.3242
0	-27.3242
0	-27.3242
0	-27.3242
0	-27.3242
0	-27.3242
0	-27.3242
0	-27.3242
0	-27.3242
0	-27.3242
0	-27.3242
0	-27.3242
0	-27.3242
0	-27.3242
0	-27.3242
0	-27.3242
0	-27.3242
0	-27.3242
0	-27.3242
0	-27.3242
0	-27.3242
0	-27.3242
0	-27.3242
0	-27.3242
0	-27.3242
0	-27.3242
0	-27.3242
0	-27.3242
0	-27.3242
0	-27.3242
0	-27.3242
0	-27.3242
0	-27.3242
0	-27.3242
0	-27.3242
0	-27.3242
0	-27.3242
0	-27.4121
0	-27.4121
0	-27.4121
0	-27.4121
0	-27.4121
0	-27.4121
0	-27.4121
0	-27.4121
0	-27.4121
0	-27.4121
0	-27.4121
0	-27.4121
0	-27.4121
0	-27.4121
0	-27.4121
0	-27.4121
0	-27.4121
0	-27.4121
0	-27.4121
0	-27.4121
0	-27.4121
0	-27.4121
0	-27.4121
1	-27.5
1	-27.5
1	-27.5
1	-27.5
1	-27.5
1	-27.5
1	-27.5
1	-27.5
1	-27.5
1	-27.5
1	-27.5
1	-27.5
1	-27.5
1	-27.5
1	-27.5
1	-27.5
1	-27.5
1	-27.5
1	-27.5
1	-27.5
1	-27.5
1	-27.5
1	-27.5
1	-27.5
1	-27.5
1	-27.5
1	-27.5
1	-27.5
1	-27.5
1	-27.5
1	-27.5
1	-27.5
1	-27.5
1	-27.5
1	-27.5
1	-27.5
1	-27.5
1	-27.5
1	-27.5
1	-27.5
1	-27.5
1	-27.5
1	-27.5
1	-27.5
1	-27.5
1	-27.5
1	-27.5
1	-27.5
1	-27.5
1	-27.5
1	-27.5
1	-27.5
1	-27.5
1	-27.5
1	-27.5879
1	-27.5879
1	-27.5879
1	-27.5879
1	-27.5879
1	-27.5879
1	-27.5879
1	-27.5879
1	-27.5879
1	-27.5879
1	-27.5879
1	-27.5879
1	-27.5879
1	-27.5879
1	-27.5879
1	-27.5879
1	-27.5879
1	-27.5879
1	-27.5879
1	-27.5879
1	-27.5879
1	-27.5879
1	-27.5879
1	-27.5879
1	-27.5879
1	-27.5879
1	-27.5879
1	-27.5879
1	-27.5879
1	-27.5879
1	-27.5879
1	-27.5879
1	-27.5879
1	-27.5879
1	-27.5879
1	-27.5879
1	-27.5879
1	-27.5879
1	-27.5879
1	-27.5879
1	-27.5879
1	-27.5879
1	-27.5879
1	-27.5879
1	-27.5879
1	-27.5879
1	-27.5879
1	-27.5879
1	-27.5879
1	-27.5879
1	-27.5879
1	-27.5879
1	-27.5879
1	-27.5879
1	-27.5879
1	-27.5879
1	-27.5879
1	-27.5879
1	-27.5879
1	-27.5879
1	-27.5879
1	-27.5879
1	-27.5879
1	-27.5
1	-27.5
1	-27.5
1	-27.5
1	-27.5
1	-27.5
1	-27.5
1	-27.5
1	-27.5
1	-27.5
1	-27.5
1	-27.5
1	-27.5
1	-27.5
1	-27.5
1	-27.5
1	-27.5
1	-27.5
1	-27.5
1	-27.5
1	-27.5
1	-27.5
1	-27.5
1	-27.5
1	-27.5
1	-27.5
1	-27.5
1	-27.5
1	-27.5
1	-27.5
1	-27.4121
1	-27.4121
1	-27.4121
1	-27.4121
1	-27.4121
1	-27.4121
1	-27.4121
1	-27.4121
1	-27.4121
1	-27.4121
1	-27.4121
1	-27.4121
1	-27.4121
1	-27.4121
1	-27.4121
1	-27.4121
1	-27.4121
1	-27.4121
1	-27.4121
1	-27.4121
1	-27.4121
1	-27.4121
1	-27.4121
1	-27.4121
1	-27.3242
1	-27.3242
1	-27.3242
1	-27.3242
1	-27.3242
1	-27.3242
1	-27.3242
1	-27.3242
1	-27.3242
1	-27.3242
1	-27.3242
1	-27.3242
1	-27.3242
1	-27.3242
1	-27.3242
1	-27.3242
1	-27.2363
1	-27.2363
1	-27.2363
1	-27.2363
1	-27.2363
1	-27.2363
1	-27.2363
1	-27.2363
1	-27.2363
1	-27.2363
1	-27.2363
1	-27.1484
2	-27.1484
2	-27.1484
2	-27.1484
2	-27.1484
2	-27.1484
2	-27.1484
2	-27.1484
2	-27.1484
2	-27.1484
2	-27.0605
2	-27.0605
2	-27.0605
2	-27.0605
2	-27.0605
2	-27.0605
2	-27.0605
2	-27.0605
2	-27.0605
2	-27.0605
2	-27.0605
2	-26.9727
2	-26.9727
2	-26.9727
2	-26.9727
2	-26.9727
2	-26.9727
2	-26.9727
2	-26.9727
2	-26.8848
2	-26.8848
2	-26.8848
2	-26.8848
2	-26.8848
2	-26.8848
2	-26.8848
2	-26.8848
2	-26.7969
2	-26.7969
2	-26.7969
2	-26.7969
2	-26.7969
2	-26.7969
2	-26.7969
2	-26.7969
2	-26.7969
2	-26.709
2	-26.709
2	-26.709
2	-26.709
2	-26.709
2	-26.709
2	-26.709
2	-26.709
2	-26.709
2	-26.709
2	-26.709
2	-26.6211
2	-26.6211
2	-26.6211
2	-26.6211
2	-26.6211
2	-26.6211
2	-26.6211
2	-26.6211
2	-26.6211
2	-26.6211
2	-26.6211
2	-26.5332
2	-26.5332
2	-26.5332
2	-26.5332
2	-26.5332
2	-26.5332
2	-26.5332
2	-26.5332
2	-26.4453
2	-26.4453
2	-26.4453
2	-26.4453
2	-26.4453
2	-26.4453
2	-26.4453
2	-26.4453
2	-26.4453
2	-26.4453
2	-26.4453
2	-26.4453
2	-26.3574
2	-26.3574
2	-26.3574
2	-26.3574
2	-26.3574
2	-26.3574
2	-26.3574
2	-26.3574
2	-26.3574
2	-26.3574
2	-26.2695
2	-26.2695
2	-26.2695
2	-26.2695
2	-26.2695
2	-26.2695
2	-26.2695
2	-26.2695
2	-26.2695
2	-26.2695
2	-26.2695
2	-26.2695
2	-26.2695
2	-26.2695
2	-26.2695
2	-26.2695
2	-26.1816
2	-26.1816
2	-26.1816
2	-26.1816
2	-26.1816
2	-26.1816
2	-26.1816
2	-26.1816
2	-26.1816
2	-26.1816
2	-26.1816
2	-26.1816
2	-26.0937
2	-26.0937
2	-26.0937
2	-26.0937
2	-26.0937
2	-26.0937
2	-26.0937
2	-26.0937
2	-26.0937
2	-26.0937
2	-26.0937
2	-26.0937
2	-26.0937
2	-26.0059
2	-26.0059
2	-26.0059
2	-26.0059
2	-26.0059
2	-26.0059
2	-26.0059
2	-26.0059
2	-26.0059
2	-26.0059
2	-26.0059
2	-26.0059
2	-26.0059
2	-26.0059
2	-26.0059
2	-26.0059
2	-26.0059
2	-26.0059
2	-26.0059
2	-26.0059
2	-26.0059
2	-26.0059
2	-26.0059
2	-26.0059
2	-25.918
2	-25.918
2	-25.918
2	-25.918
2	-25.918
2	-25.918
2	-25.918
2	-25.918
2	-25.918
2	-25.918
2	-25.918
2	-25.918
2	-25.918
2	-25.918
2	-25.918
2	-25.918
2	-25.918
2	-25.918
2	-25.918
2	-25.918
2	-25.918
2	-25.918
2	-25.918
2	-25.918
2	-25.918
2	-25.918
2	-25.918
2	-25.918
2	-25.918
2	-25.918
2	-25.918
2	-25.918
2	-25.8301
2	-25.8301
2	-25.8301
2	-25.8301
2	-25.8301
2	-25.8301
2	-25.8301
3	-25.8301
3	-25.8301
3	-25.8301
3	-25.8301
3	-25.8301
3	-25.8301
3	-25.8301
3	-25.8301
3	-25.8301
3	-25.8301
3	-25.8301
3	-25.8301
3	-25.8301
3	-25.8301
3	-25.8301
3	-25.8301
3	-25.8301
3	-25.8301
3	-25.8301
3	-25.8301
3	-25.8301
3	-25.8301
3	-25.8301
3	-25.8301
3	-25.8301
3	-25.8301
3	-25.8301
3	-25.8301
3	-25.8301
3	-25.8301
3	-25.8301
3	-25.8301
3	-25.8301
3	-25.8301
3	-25.8301
3	-25.8301
3	-25.8301
3	-25.8301
3	-25.8301
3	-25.8301
3	-25.8301
3	-25.8301
3	-25.8301
3	-25.8301
3	-25.918
3	-25.918
3	-25.918
3	-25.918
3	-25.918
3	-25.918
3	-25.918
3	-25.918
3	-25.918
3	-25.918
3	-25.918
3	-25.918
3	-25.918
3	-25.918
3	-25.918
3	-25.918
3	-25.918
3	-25.918
3	-25.918
3	-25.918
3	-25.918
3	-25.918
3	-25.918
3	-25.918
3	-25.918
3	-25.918
3	-26.0059
3	-26.0059
3	-26.0059
3	-26.0059
3	-26.0059
3	-26.0059
3	-26.0059
3	-26.0059
3	-26.0059
3	-26.0059
3	-26.0059
3	-26.0059
3	-26.0059
3	-26.0059
3	-26.0059
3	-26.0059
3	-26.0059
3	-26.0059
3	-26.0059
3	-26.0059
3	-26.0059
3	-26.0937
3	-26.0937
3	-26.0937
3	-26.0937
3	-26.0937
3	-26.0937
3	-26.0937
3	-26.0937
3	-26.0937
3	-26.0937
3	-26.0937
3	-26.0937
3	-26.0937
3	-26.0937
3	-26.0937
3	-26.0937
3	-26.1816
3	-26.1816
3	-26.1816
3	-26.1816
3	-26.1816
3	-26.1816
3	-26.1816
3	-26.1816
3	-26.1816
3	-26.1816
3	-26.1816
3	-26.1816
3	-26.2695
3	-26.2695
3	-26.2695
3	-26.2695
3	-26.2695
3	-26.2695
3	-26.2695
3	-26.2695
3	-26.2695
3	-26.2695
3	-26.2695
3	-26.2695
3	-26.3574
3	-26.3574
3	-26.3574
3	-26.3574
3	-26.3574
3	-26.3574
3	-26.3574
3	-26.3574
3	-26.3574
3	-26.3574
3	-26.3574
3	-26.3574
3	-26.4453
3	-26.4453
3	-26.4453
3	-26.4453
3	-26.4453
3	-26.4453
3	-26.4453
3	-26.4453
3	-26.4453
3	-26.4453
3	-26.5332
3	-26.5332
3	-26.5332
3	-26.5332
3	-26.5332
3	-26.5332
3	-26.5332
3	-26.5332
3	-26.5332
3	-26.6211
3	-26.6211
3	-26.6211
3	-26.6211
3	-26.6211
3	-26.6211
3	-26.6211
3	-26.6211
3	-26.6211
3	-26.709
3	-26.709
3	-26.709
3	-26.709
3	-26.709
3	-26.709
3	-26.709
3	-26.709
3	-26.709
3	-26.709
3	-26.7969
3	-26.7969
3	-26.7969
3	-26.7969
3	-26.7969
3	-26.7969
3	-26.7969
3	-26.7969
3	-26.8848
3	-26.8848
3	-26.8848
3	-26.8848
3	-26.8848
3	-26.8848
3	-26.8848
3	-26.8848
3	-26.8848
3	-26.9727
4	-26.9727
4	-26.9727
4	-26.9727
4	-26.9727
4	-26.9727
4	-26.9727
4	-26.9727
4	-26.9727
4	-27.0605
4	-27.0605
4	-27.0605
4	-27.0605
4	-27.0605
4	-27.0605
4	-27.0605
4	-27.1484
4	-27.1484
4	-27.1484
4	-27.1484
4	-27.1484
4	-27.1484
4	-27.1484
4	-27.1484
4	-27.2363
4	-27.2363
4	-27.2363
4	-27.2363
4	-27.2363
4	-27.2363
4	-27.2363
4	-27.3242
4	-27.3242
4	-27.3242
4	-27.3242
4	-27.3242
4	-27.3242
4	-27.3242
4	-27.3242
4	-27.3242
4	-27.4121
4	-27.4121
4	-27.4121
4	-27.4121
4	-27.4121
4	-27.4121
4	-27.4121
4	-27.5
4	-27.5
4	-27.5
4	-27.5
4	-27.5
4	-27.5
4	-27.5
4	-27.5
4	-27.5879
4	-27.5879
4	-27.5879
4	-27.5879
4	-27.5879
4	-27.5879
4	-27.5879
4	-27.6758
4	-27.6758
4	-27.6758
4	-27.6758
4	-27.6758
4	-27.6758
4	-27.6758
4	-27.6758
4	-27.7637
4	-27.7637
4	-27.7637
4	-27.7637
4	-27.7637
4	-27.7637
4	-27.7637
4	-27.7637
4	-27.8516
4	-27.8516
4	-27.8516
4	-27.8516
4	-27.8516
4	-27.8516
4	-27.8516
4	-27.8516
4	-27.9395
4	-27.9395
4	-27.9395
4	-27.9395
4	-27.9395
4	-27.9395
4	-27.9395
4	-28.0273
4	-28.0273
4	-28.0273
4	-28.0273
4	-28.0273
4	-28.0273
4	-28.0273
4	-28.0273
4	-28.1152
4	-28.1152
4	-28.1152
4	-28.1152
4	-28.1152
4	-28.1152
4	-28.1152
4	-28.1152
4	-28.2031
4	-28.2031
4	-28.2031
4	-28.2031
4	-28.2031
4	-28.2031
4	-28.2031
4	-28.2031
4	-28.291
4	-28.291
4	-28.291
4	-28.291
4	-28.291
4	-28.291
4	-28.291
4	-28.3789
4	-28.3789
4	-28.3789
4	-28.3789
4	-28.3789
4	-28.3789
4	-28.3789
4	-28.3789
4	-28.3789
4	-28.4668
4	-28.4668
4	-28.4668
4	-28.4668
4	-28.4668
4	-28.4668
4	-28.4668
4	-28.4668
4	-28.5547
4	-28.5547
4	-28.5547
4	-28.5547
4	-28.5547
4	-28.5547
4	-28.5547
4	-28.5547
4	-28.5547
4	-28.6426
4	-28.6426
4	-28.6426
4	-28.6426
4	-28.6426
4	-28.6426
4	-28.6426
4	-28.6426
4	-28.7305
4	-28.7305
4	-28.7305
4	-28.7305
4	-28.7305
4	-28.7305
4	-28.7305
4	-28.7305
4	-28.7305
4	-28.7305
4	-28.8184
4	-28.8184
4	-28.8184
4	-28.8184
4	-28.8184
4	-28.8184
4	-28.8184
4	-28.8184
4	-28.8184
4	-28.9062
4	-28.9062
4	-28.9062
4	-28.9062
4	-28.9062
4	-28.9062
4	-28.9062
4	-28.9062
4	-28.9062
4	-28.9062
4	-28.9062
4	-28.9941
4	-28.9941
4	-28.9941
4	-28.9941
4	-28.9941
4	-28.9941
4	-28.9941
4	-28.9941
4	-29.082
4	-29.082
4	-29.082
4	-29.082
4	-29.082
4	-29.082
5	-29.082
5	-29.082
5	-29.082
5	-29.082
5	-29.082
5	-29.082
5	-29.1699
5	-29.1699
5	-29.1699
5	-29.1699
5	-29.1699
5	-29.1699
5	-29.1699
5	-29.1699
5	-29.1699
5	-29.1699
5	-29.1699
5	-29.1699
5	-29.1699
5	-29.2578
5	-29.2578
5	-29.2578
5	-29.2578
5	-29.2578
5	-29.2578
5	-29.2578
5	-29.2578
5	-29.2578
5	-29.2578
5	-29.2578
5	-29.2578
5	-29.2578
5	-29.3457
5	-29.3457
5	-29.3457
5	-29.3457
5	-29.3457
5	-29.3457
5	-29.3457
5	-29.3457
5	-29.3457
5	-29.3457
5	-29.3457
5	-29.3457
5	-29.4336
5	-29.4336
5	-29.4336
5	-29.4336
5	-29.4336
5	-29.4336
5	-29.4336
5	-29.4336
5	-29.4336
5	-29.4336
5	-29.4336
5	-29.4336
5	-29.4336
5	-29.4336
5	-29.4336
5	-29.4336
5	-29.4336
5	-29.4336
5	-29.4336
5	-29.5215
5	-29.5215
5	-29.5215
5	-29.5215
5	-29.5215
5	-29.5215
5	-29.5215
5	-29.5215
5	-29.5215
5	-29.5215
5	-29.5215
5	-29.5215
5	-29.5215
5	-29.5215
5	-29.5215
5	-29.5215
5	-29.5215
5	-29.5215
5	-29.5215
5	-29.5215
5	-29.5215
5	-29.5215
5	-29.5215
5	-29.5215
5	-29.5215
5	-29.6094
5	-29.6094
5	-29.6094
5	-29.6094
5	-29.6094
5	-29.6094
5	-29.6094
5	-29.6094
5	-29.6094
5	-29.6094
5	-29.6094
5	-29.6094
5	-29.6094
5	-29.6094
5	-29.6094
5	-29.6094
5	-29.6094
5	-29.6094
5	-29.6094
5	-29.6094
5	-29.6094
5	-29.6094
5	-29.6094
5	-29.6094
5	-29.6094
5	-29.6094
5	-29.6094
5	-29.6094
5	-29.6094
5	-29.6094
5	-29.6094
5	-29.6094
5	-29.6094
5	-29.6094
5	-29.6094
5	-29.6094
5	-29.6094
5	-29.6094
5	-29.6094
5	-29.6094
5	-29.6094
5	-29.6094
5	-29.6094
5	-29.6094
5	-29.6094
5	-29.6094
5	-29.6094
5	-29.6094
5	-29.6094
5	-29.6094
5	-29.6094
5	-29.6094
5	-29.6094
5	-29.6094
5	-29.6094
5	-29.6094
5	-29.6094
5	-29.6094
5	-29.6094
5	-29.6094
5	-29.6094
5	-29.6094
5	-29.6094
5	-29.6094
5	-29.6094
5	-29.6094
5	-29.6094
5	-29.6094
5	-29.6094
5	-29.6094
5	-29.6094
5	-29.6094
5	-29.6094
5	-29.6094
5	-29.6094
5	-29.6094
5	-29.6094
5	-29.6094
5	-29.6094
5	-29.6094
5	-29.6094
5	-29.6094
5	-29.6094
5	-29.6094
5	-29.6094
5	-29.5215
5	-29.5215
5	-29.5215
5	-29.5215
5	-29.5215
5	-29.5215
5	-29.5215
5	-29.5215
5	-29.5215
5	-29.5215
5	-29.5215
5	-29.5215
5	-29.5215
5	-29.5215
5	-29.5215
5	-29.5215
5	-29.5215
5	-29.5215
5	-29.5215
5	-29.5215
5	-29.5215
5	-29.5215
5	-29.5215
5	-29.5215
5	-29.4336
5	-29.4336
6	-29.4336
6	-29.4336
6	-29.4336
6	-29.4336
6	-29.4336
6	-29.4336
6	-29.4336
6	-29.4336
6	-29.4336
6	-29.4336
6	-29.4336
6	-29.4336
6	-29.4336
6	-29.4336
6	-29.4336
6	-29.4336
6	-29.3457
6	-29.3457
6	-29.3457
6	-29.3457
6	-29.3457
6	-29.3457
6	-29.3457
6	-29.3457
6	-29.3457
6	-29.3457
6	-29.3457
6	-29.3457
6	-29.3457
6	-29.2578
6	-29.2578
6	-29.2578
6	-29.2578
6	-29.2578
6	-29.2578
6	-29.2578
6	-29.2578
6	-29.2578
6	-29.2578
6	-29.2578
6	-29.2578
6	-29.2578
6	-29.2578
6	-29.2578
6	-29.1699
6	-29.1699
6	-29.1699
6	-29.1699
6	-29.1699
6	-29.1699
6	-29.1699
6	-29.1699
6	-29.1699
6	-29.1699
6	-29.1699
6	-29.1699
6	-29.082
6	-29.082
6	-29.082
6	-29.082
6	-29.082
6	-29.082
6	-29.082
6	-29.082
6	-29.082
6	-29.082
6	-28.9941
6	-28.9941
6	-28.9941
6	-28.9941
6	-28.9941
6	-28.9941
6	-28.9941
6	-28.9941
6	-28.9941
6	-28.9941
6	-28.9941
6	-28.9062
6	-28.9062
6	-28.9062
6	-28.9062
6	-28.9062
6	-28.9062
6	-28.9062
6	-28.9062
6	-28.9062
6	-28.9062
6	-28.8184
6	-28.8184
6	-28.8184
6	-28.8184
6	-28.8184
6	-28.8184
6	-28.8184
6	-28.8184
6	-28.8184
6	-28.7305
6	-28.7305
6	-28.7305
6	-28.7305
6	-28.7305
6	-28.7305
6	-28.7305
6	-28.7305
6	-28.7305
6	-28.7305
6	-28.7305
6	-28.6426
6	-28.6426
6	-28.6426
6	-28.6426
6	-28.6426
6	-28.6426
6	-28.6426
6	-28.5547
6	-28.5547
6	-28.5547
6	-28.5547
6	-28.5547
6	-28.5547
6	-28.5547
6	-28.5547
6	-28.5547
6	-28.4668
6	-28.4668
6	-28.4668
6	-28.4668
6	-28.4668
6	-28.4668
6	-28.4668
6	-28.4668
6	-28.4668
6	-28.4668
6	-28.3789
6	-28.3789
6	-28.3789
6	-28.3789
6	-28.3789
6	-28.3789
6	-28.3789
6	-28.3789
6	-28.291
6	-28.291
6	-28.291
6	-28.291
6	-28.291
6	-28.291
6	-28.291
6	-28.291
6	-28.2031
6	-28.2031
6	-28.2031
6	-28.2031
6	-28.2031
6	-28.2031
6	-28.2031
6	-28.2031
6	-28.2031
6	-28.1152
6	-28.1152
6	-28.1152
6	-28.1152
6	-28.1152
6	-28.1152
6	-28.1152
6	-28.1152
6	-28.0273
6	-28.0273
6	-28.0273
6	-28.0273
6	-28.0273
6	-28.0273
6	-28.0273
6	-28.0273
6	-28.0273
6	-27.9395
6	-27.9395
6	-27.9395
6	-27.9395
6	-27.9395
6	-27.9395
6	-27.9395
6	-27.8516
6	-27.8516
6	-27.8516
6	-27.8516
6	-27.8516
6	-27.8516
6	-27.8516
6	-27.8516
6	-27.8516
6	-27.7637
6	-27.7637
6	-27.7637
6	-27.7637
6	-27.7637
6	-27.7637
6	-27.7637
6	-27.7637
6	-27.7637
6	-27.6758
7	-27.6758
7	-27.6758
7	-27.6758
7	-27.6758
7	-27.6758
7	-27.6758
7	-27.6758
7	-27.5879
7	-27.5879
7	-27.5879
7	-27.5879
7	-27.5879
7	-27.5879
7	-27.5879
7	-27.5879
7	-27.5
7	-27.5
7	-27.5
7	-27.5
7	-27.5
7	-27.5
7	-27.5
7	-27.5
7	-27.5
7	-27.4121
7	-27.4121
7	-27.4121
7	-27.4121
7	-27.4121
7	-27.4121
7	-27.4121
7	-27.4121
7	-27.3242
7	-27.3242
7	-27.3242
7	-27.3242
7	-27.3242
7	-27.3242
7	-27.3242
7	-27.3242
7	-27.3242
7	-27.3242
7	-27.2363
7	-27.2363
7	-27.2363
7	-27.2363
7	-27.2363
7	-27.2363
7	-27.2363
7	-27.1484
7	-27.1484
7	-27.1484
7	-27.1484
7	-27.1484
7	-27.1484
7	-27.1484
7	-27.1484
7	-27.1484
7	-27.1484
7	-27.0605
7	-27.0605
7	-27.0605
7	-27.0605
7	-27.0605
7	-27.0605
7	-27.0605
7	-27.0605
7	-27.0605
7	-27.0605
7	-26.9727
7	-26.9727
7	-26.9727
7	-26.9727
7	-26.9727
7	-26.9727
7	-26.9727
7	-26.9727
7	-26.9727
7	-26.9727
7	-26.9727
7	-26.8848
7	-26.8848
7	-26.8848
7	-26.8848
7	-26.8848
7	-26.8848
7	-26.8848
7	-26.8848
7	-26.7969
7	-26.7969
7	-26.7969
7	-26.7969
7	-26.7969
7	-26.7969
7	-26.7969
7	-26.7969
7	-26.7969
7	-26.7969
7	-26.7969
7	-26.709
7	-26.709
7	-26.709
7	-26.709
7	-26.709
7	-26.709
7	-26.709
7	-26.709
7	-26.709
7	-26.709
7	-26.709
7	-26.709
7	-26.709
7	-26.6211
7	-26.6211
7	-26.6211
7	-26.6211
7	-26.6211
7	-26.6211
7	-26.6211
7	-26.6211
7	-26.6211
7	-26.6211
7	-26.6211
7	-26.6211
7	-26.5332
7	-26.5332
7	-26.5332
7	-26.5332
7	-26.5332
7	-26.5332
7	-26.5332
7	-26.5332
7	-26.5332
7	-26.5332
7	-26.5332
7	-26.5332
7	-26.5332
7	-26.4453
7	-26.4453
7	-26.4453
7	-26.4453
7	-26.4453
7	-26.4453
7	-26.4453
7	-26.4453
7	-26.4453
7	-26.4453
7	-26.4453
7	-26.4453
7	-26.4453
7	-26.4453
7	-26.4453
7	-26.4453
7	-26.4453
7	-26.3574
7	-26.3574
7	-26.3574
7	-26.3574
7	-26.3574
7	-26.3574
7	-26.3574
7	-26.3574
7	-26.3574
7	-26.3574
7	-26.3574
7	-26.3574
7	-26.3574
7	-26.3574
7	-26.3574
7	-26.3574
7	-26.3574
7	-26.3574
7	-26.3574
7	-26.3574
7	-26.2695
7	-26.2695
7	-26.2695
7	-26.2695
7	-26.2695
7	-26.2695
7	-26.2695
7	-26.2695
7	-26.2695
7	-26.2695
7	-26.2695
7	-26.2695
7	-26.2695
7	-26.2695
7	-26.2695
7	-26.2695
7	-26.2695
7	-26.2695
7	-26.2695
7	-26.2695
7	-26.2695
7	-26.2695
7	-26.2695
7	-26.2695
7	-26.2695
8	-26.2695
8	-26.2695
8	-26.2695
8	-26.2695
8	-26.2695
8	-26.2695
8	-26.1816
8	-26.1816
8	-26.1816
8	-26.1816
8	-26.1816
8	-26.1816
8	-26.1816
8	-26.1816
8	-26.1816
8	-26.1816
8	-26.1816
8	-26.1816
8	-26.1816
8	-26.1816
8	-26.1816
8	-26.1816
8	-26.1816
8	-26.1816
8	-26.1816
8	-26.1816
8	-26.1816
8	-26.1816
8	-26.1816
8	-26.1816
8	-26.1816
8	-26.1816
8	-26.1816
8	-26.1816
8	-26.1816
8	-26.1816
8	-26.1816
8	-26.1816
8	-26.1816
8	-26.1816
8	-26.1816
8	-26.1816
8	-26.1816
8	-26.1816
8	-26.1816
8	-26.1816
8	-26.1816
8	-26.1816
8	-26.1816
8	-26.1816
8	-26.1816
8	-26.1816
8	-26.1816
8	-26.1816
8	-26.1816
8	-26.1816
8	-26.1816
8	-26.1816
8	-26.1816
8	-26.1816
8	-26.1816
8	-26.1816
8	-26.1816
8	-26.1816
8	-26.1816
8	-26.1816
8	-26.1816
8	-26.1816
8	-26.1816
8	-26.1816
8	-26.1816
8	-26.2695
8	-26.2695
8	-26.2695
8	-26.2695
8	-26.2695
8	-26.2695
8	-26.2695
8	-26.2695
8	-26.2695
8	-26.2695
8	-26.2695
8	-26.2695
8	-26.2695
8	-26.2695
8	-26.2695
8	-26.2695
8	-26.2695
8	-26.2695
8	-26.2695
8	-26.2695
8	-26.2695
8	-26.2695
8	-26.2695
8	-26.2695
8	-26.2695
8	-26.2695
8	-26.2695
8	-26.2695
8	-26.2695
8	-26.2695
8	-26.2695
8	-26.3574
8	-26.3574
8	-26.3574
8	-26.3574
8	-26.3574
8	-26.3574
8	-26.3574
8	-26.3574
8	-26.3574
8	-26.3574
8	-26.3574
8	-26.3574
8	-26.3574
8	-26.3574
8	-26.3574
8	-26.3574
8	-26.3574
8	-26.3574
8	-26.3574
8	-26.4453
8	-26.4453
8	-26.4453
8	-26.4453
8	-26.4453
8	-26.4453
8	-26.4453
8	-26.4453
8	-26.4453
8	-26.4453
8	-26.4453
8	-26.4453
8	-26.4453
8	-26.4453
8	-26.4453
8	-26.4453
8	-26.4453
8	-26.4453
8	-26.5332
8	-26.5332
8	-26.5332
8	-26.5332
8	-26.5332
8	-26.5332
8	-26.5332
8	-26.5332
8	-26.5332
8	-26.5332
8	-26.5332
8	-26.5332
8	-26.5332
8	-26.6211
8	-26.6211
8	-26.6211
8	-26.6211
8	-26.6211
8	-26.6211
8	-26.6211
8	-26.6211
8	-26.6211
8	-26.6211
8	-26.6211
8	-26.6211
8	-26.6211
8	-26.709
8	-26.709
8	-26.709
8	-26.709
8	-26.709
8	-26.709
8	-26.709
8	-26.709
8	-26.709
8	-26.709
8	-26.709
8	-26.709
8	-26.709
8	-26.7969
8	-26.7969
8	-26.7969
8	-26.7969
8	-26.7969
8	-26.7969
8	-26.7969
8	-26.7969
8	-26.7969
8	-26.7969
8	-26.7969
8	-26.7969
8	-26.8848
8	-26.8848
8	-26.8848
8	-26.8848
8	-26.8848
8	-26.8848
8	-26.8848
8	-26.8848
8	-26.8848
8	-26.8848
8	-26.8848
9	-26.9727
9	-26.9727
9	-26.9727
9	-26.9727
9	-26.9727
9	-26.9727
9	-26.9727
9	-26.9727
9	-26.9727
9	-26.9727
9	-26.9727
9	-27.0605
9	-27.0605
9	-27.0605
9	-27.0605
9	-27.0605
9	-27.0605
9	-27.0605
9	-27.0605
9	-27.0605
9	-27.0605
9	-27.1484
9	-27.1484
9	-27.1484
9	-27.1484
9	-27.1484
9	-27.1484
9	-27.1484
9	-27.1484
9	-27.1484
9	-27.1484
9	-27.1484
9	-27.2363
9	-27.2363
9	-27.2363
9	-27.2363
9	-27.2363
9	-27.2363
9	-27.2363
9	-27.2363
9	-27.3242
9	-27.3242
9	-27.3242
9	-27.3242
9	-27.3242
9	-27.3242
9	-27.3242
9	-27.3242
9	-27.3242
9	-27.3242
9	-27.4121
9	-27.4121
9	-27.4121
9	-27.4121
9	-27.4121
9	-27.4121
9	-27.4121
9	-27.4121
9	-27.4121
9	-27.4121
9	-27.5
9	-27.5
9	-27.5
9	-27.5
9	-27.5
9	-27.5
9	-27.5
9	-27.5
9	-27.5
9	-27.5879
9	-27.5879
9	-27.5879
9	-27.5879
9	-27.5879
9	-27.5879
9	-27.5879
9	-27.5879
9	-27.5879
9	-27.6758
9	-27.6758
9	-27.6758
9	-27.6758
9	-27.6758
9	-27.6758
9	-27.6758
9	-27.6758
9	-27.6758
9	-27.7637
9	-27.7637
9	-27.7637
9	-27.7637
9	-27.7637
9	-27.7637
9	-27.7637
9	-27.7637
9	-27.7637
9	-27.7637
9	-27.8516
9	-27.8516
9	-27.8516
9	-27.8516
9	-27.8516
9	-27.8516
9	-27.8516
9	-27.8516
9	-27.8516
9	-27.9395
9	-27.9395
9	-27.9395
9	-27.9395
9	-27.9395
9	-27.9395
9	-27.9395
9	-27.9395
9	-28.0273
9	-28.0273
9	-28.0273
9	-28.0273
9	-28.0273
9	-28.0273
9	-28.0273
9	-28.0273
9	-28.0273
9	-28.0273
9	-28.1152
9	-28.1152
9	-28.1152
9	-28.1152
9	-28.1152
9	-28.1152
9	-28.1152
9	-28.1152
9	-28.1152
9	-28.1152
9	-28.2031
9	-28.2031
9	-28.2031
9	-28.2031
9	-28.2031
9	-28.2031
9	-28.2031
9	-28.2031
9	-28.2031
9	-28.291
9	-28.291
9	-28.291
9	-28.291
9	-28.291
9	-28.291
9	-28.291
9	-28.291
9	-28.291
9	-28.3789
9	-28.3789
9	-28.3789
9	-28.3789
9	-28.3789
9	-28.3789
9	-28.3789
9	-28.3789
9	-28.3789
9	-28.3789
9	-28.4668
9	-28.4668
9	-28.4668
9	-28.4668
9	-28.4668
9	-28.4668
9	-28.4668
9	-28.4668
9	-28.4668
9	-28.4668
9	-28.4668
9	-28.5547
9	-28.5547
9	-28.5547
9	-28.5547
9	-28.5547
9	-28.5547
9	-28.5547
9	-28.5547
9	-28.5547
9	-28.5547
9	-28.5547
9	-28.6426
9	-28.6426
9	-28.6426
9	-28.6426
9	-28.6426
9	-28.6426
9	-28.6426
9	-28.6426
9	-28.6426
9	-28.7305
9	-28.7305
9	-28.7305
9	-28.7305
9	-28.7305
9	-28.7305
10	-28.7305
10	-28.7305
10	-28.7305
10	-28.7305
10	-28.7305
10	-28.7305
10	-28.8184
10	-28.8184
10	-28.8184
10	-28.8184
10	-28.8184
10	-28.8184
10	-28.8184
10	-28.8184
10	-28.8184
10	-28.8184
10	-28.8184
10	-28.8184
10	-28.8184
10	-28.9062
10	-28.9062
10	-28.9062
10	-28.9062
10	-28.9062
10	-28.9062
10	-28.9062
10	-28.9062
10	-28.9062
10	-28.9062
10	-28.9062
10	-28.9062
10	-28.9062
10	-28.9941
10	-28.9941
10	-28.9941
10	-28.9941
10	-28.9941
10	-28.9941
10	-28.9941
10	-28.9941
10	-28.9941
10	-28.9941
10	-28.9941
10	-28.9941
10	-28.9941
10	-29.082
10	-29.082
10	-29.082
10	-29.082
10	-29.082
10	-29.082
10	-29.082
10	-29.082
10	-29.082
10	-29.082
10	-29.082
10	-29.082
10	-29.082
10	-29.082
10	-29.082
10	-29.082
10	-29.082
10	-29.1699
10	-29.1699
10	-29.1699
10	-29.1699
10	-29.1699
10	-29.1699
10	-29.1699
10	-29.1699
10	-29.1699
10	-29.1699
10	-29.1699
10	-29.1699
10	-29.1699
10	-29.1699
10	-29.1699
10	-29.1699
10	-29.1699
10	-29.1699
10	-29.1699
10	-29.2578
10	-29.2578
10	-29.2578
10	-29.2578
10	-29.2578
10	-29.2578
10	-29.2578
10	-29.2578
10	-29.2578
10	-29.2578
10	-29.2578
10	-29.2578
10	-29.2578
10	-29.2578
10	-29.2578
10	-29.2578
10	-29.2578
10	-29.2578
10	-29.2578
10	-29.2578
10	-29.2578
10	-29.2578
10	-29.2578
10	-29.2578
10	-29.2578
10	-29.2578
10	-29.2578
10	-29.2578
10	-29.2578
10	-29.3457
10	-29.3457
10	-29.3457
10	-29.3457
10	-29.3457
10	-29.3457
10	-29.3457
10	-29.3457
10	-29.3457
10	-29.3457
10	-29.3457
10	-29.3457
10	-29.3457
10	-29.3457
10	-29.3457
10	-29.3457
10	-29.3457
10	-29.3457
10	-29.3457
10	-29.3457
10	-29.3457
10	-29.3457
10	-29.3457
10	-29.3457
10	-29.3457
10	-29.3457
10	-29.3457
10	-29.3457
10	-29.3457
10	-29.3457
10	-29.3457
10	-29.3457
10	-29.3457
10	-29.3457
10	-29.3457
10	-29.3457
10	-29.3457
10	-29.3457
10	-29.3457
10	-29.3457
10	-29.3457
10	-29.3457
10	-29.3457
10	-29.3457
10	-29.3457
10	-29.3457
10	-29.3457
10	-29.3457
10	-29.3457
10	-29.3457
10	-29.3457
10	-29.3457
10	-29.3457
10	-29.3457
10	-29.3457
10	-29.3457
10	-29.3457
10	-29.3457
10	-29.3457
10	-29.3457
10	-29.3457
10	-29.3457
10	-29.3457
10	-29.3457
10	-29.3457
10	-29.3457
10	-29.3457
10	-29.3457
10	-29.3457
10	-29.3457
10	-29.3457
10	-29.3457
10	-29.3457
10	-29.3457
10	-29.3457
10	-29.3457
10	-29.3457
10	-29.3457
10	-29.3457
10	-29.3457
10	-29.3457
10	-29.3457
10	-29.3457
10	-29.3457
10	-29.3457
10	-29.3457
10	-29.3457
10	-29.3457
10	-29.3457
10	-29.3457
10	-29.3457
11	-29.3457
11	-29.3457
11	-29.3457
11	-29.3457
11	-29.3457
11	-29.2578
11	-29.2578
11	-29.2578
11	-29.2578
11	-29.2578
11	-29.2578
11	-29.2578
11	-29.2578
11	-29.2578
11	-29.2578
11	-29.2578
11	-29.2578
11	-29.2578
11	-29.2578
11	-29.2578
11	-29.2578
11	-29.2578
11	-29.2578
11	-29.2578
11	-29.2578
11	-29.2578
11	-29.2578
11	-29.2578
11	-29.2578
11	-29.2578
11	-29.1699
11	-29.1699
11	-29.1699
11	-29.1699
11	-29.1699
11	-29.1699
11	-29.1699
11	-29.1699
11	-29.1699
11	-29.1699
11	-29.1699
11	-29.1699
11	-29.1699
11	-29.1699
11	-29.1699
11	-29.1699
11	-29.1699
11	-29.1699
11	-29.1699
11	-29.082
11	-29.082
11	-29.082
11	-29.082
11	-29.082
11	-29.082
11	-29.082
11	-29.082
11	-29.082
11	-29.082
11	-29.082
11	-29.082
11	-29.082
11	-29.082
11	-28.9941
11	-28.9941
11	-28.9941
11	-28.9941
11	-28.9941
11	-28.9941
11	-28.9941
11	-28.9941
11	-28.9941
11	-28.9941
11	-28.9941
11	-28.9941
11	-28.9941
11	-28.9062
11	-28.9062
11	-28.9062
11	-28.9062
11	-28.9062
11	-28.9062
11	-28.9062
11	-28.9062
11	-28.9062
11	-28.9062
11	-28.9062
11	-28.9062
11	-28.9062
11	-28.9062
11	-28.8184
11	-28.8184
11	-28.8184
11	-28.8184
11	-28.8184
11	-28.8184
11	-28.8184
11	-28.8184
11	-28.8184
11	-28.8184
11	-28.8184
11	-28.8184
11	-28.7305
11	-28.7305
11	-28.7305
11	-28.7305
11	-28.7305
11	-28.7305
11	-28.7305
11	-28.7305
11	-28.7305
11	-28.7305
11	-28.7305
11	-28.7305
11	-28.6426
11	-28.6426
11	-28.6426
11	-28.6426
11	-28.6426
11	-28.6426
11	-28.6426
11	-28.6426
11	-28.6426
11	-28.6426
11	-28.5547
11	-28.5547
11	-28.5547
11	-28.5547
11	-28.5547
11	-28.5547
11	-28.5547
11	-28.5547
11	-28.5547
11	-28.5547
11	-28.5547
11	-28.4668
11	-28.4668
11	-28.4668
11	-28.4668
11	-28.4668
11	-28.4668
11	-28.4668
11	-28.4668
11	-28.4668
11	-28.4668
11	-28.4668
11	-28.3789
11	-28.3789
11	-28.3789
11	-28.3789
11	-28.3789
11	-28.3789
11	-28.3789
11	-28.3789
11	-28.3789
11	-28.291
11	-28.291
11	-28.291
11	-28.291
11	-28.291
11	-28.291
11	-28.291
11	-28.291
11	-28.291
11	-28.291
11	-28.2031
11	-28.2031
11	-28.2031
11	-28.2031
11	-28.2031
11	-28.2031
11	-28.2031
11	-28.2031
11	-28.2031
11	-28.1152
11	-28.1152
11	-28.1152
11	-28.1152
11	-28.1152
11	-28.1152
11	-28.1152
11	-28.1152
11	-28.1152
11	-28.1152
11	-28.1152
11	-28.0273
11	-28.0273
11	-28.0273
11	-28.0273
11	-28.0273
11	-28.0273
11	-28.0273
11	-28.0273
11	-28.0273
11	-28.0273
11	-27.9395
11	-27.9395
11	-27.9395
11	-27.9395
12	-27.9395
12	-27.9395
12	-27.9395
12	-27.9395
12	-27.9395
12	-27.8516
12	-27.8516
12	-27.8516
12	-27.8516
12	-27.8516
12	-27.8516
12	-27.8516
12	-27.8516
12	-27.8516
12	-27.8516
12	-27.7637
12	-27.7637
12	-27.7637
12	-27.7637
12	-27.7637
12	-27.7637
12	-27.7637
12	-27.7637
12	-27.7637
12	-27.7637
12	-27.6758
12	-27.6758
12	-27.6758
12	-27.6758
12	-27.6758
12	-27.6758
12	-27.6758
12	-27.6758
12	-27.6758
12	-27.6758
12	-27.6758
12	-27.5879
12	-27.5879
12	-27.5879
12	-27.5879
12	-27.5879
12	-27.5879
12	-27.5879
12	-27.5879
12	-27.5
12	-27.5
12	-27.5
12	-27.5
12	-27.5
12	-27.5
12	-27.5
12	-27.5
12	-27.5
12	-27.5
12	-27.5
12	-27.4121
12	-27.4121
12	-27.4121
12	-27.4121
12	-27.4121
12	-27.4121
12	-27.4121
12	-27.4121
12	-27.4121
12	-27.4121
12	-27.4121
12	-27.3242
12	-27.3242
12	-27.3242
12	-27.3242
12	-27.3242
12	-27.3242
12	-27.3242
12	-27.3242
12	-27.3242
12	-27.3242
12	-27.3242
12	-27.2363
12	-27.2363
12	-27.2363
12	-27.2363
12	-27.2363
12	-27.2363
12	-27.2363
12	-27.2363
12	-27.2363
12	-27.2363
12	-27.1484
12	-27.1484
12	-27.1484
12	-27.1484
12	-27.1484
12	-27.1484
12	-27.1484
12	-27.1484
12	-27.1484
12	-27.1484
12	-27.1484
12	-27.1484
12	-27.0605
12	-27.0605
12	-27.0605
12	-27.0605
12	-27.0605
12	-27.0605
12	-27.0605
12	-27.0605
12	-27.0605
12	-27.0605
12	-27.0605
12	-27.0605
12	-27.0605
12	-26.9727
12	-26.9727
12	-26.9727
12	-26.9727
12	-26.9727
12	-26.9727
12	-26.9727
12	-26.9727
12	-26.9727
12	-26.9727
12	-26.9727
12	-26.9727
12	-26.9727
12	-26.9727
12	-26.8848
12	-26.8848
12	-26.8848
12	-26.8848
12	-26.8848
12	-26.8848
12	-26.8848
12	-26.8848
12	-26.8848
12	-26.8848
12	-26.8848
12	-26.8848
12	-26.8848
12	-26.8848
12	-26.7969
12	-26.7969
12	-26.7969
12	-26.7969
12	-26.7969
12	-26.7969
12	-26.7969
12	-26.7969
12	-26.7969
12	-26.7969
12	-26.7969
12	-26.7969
12	-26.7969
12	-26.7969
12	-26.7969
12	-26.7969
12	-26.709
12	-26.709
12	-26.709
12	-26.709
12	-26.709
12	-26.709
12	-26.709
12	-26.709
12	-26.709
12	-26.709
12	-26.709
12	-26.709
12	-26.709
12	-26.709
12	-26.709
12	-26.709
12	-26.709
12	-26.709
12	-26.709
12	-26.709
12	-26.709
12	-26.6211
12	-26.6211
12	-26.6211
12	-26.6211
12	-26.6211
12	-26.6211
12	-26.6211
12	-26.6211
12	-26.6211
12	-26.6211
12	-26.6211
12	-26.6211
12	-26.6211
12	-26.6211
12	-26.6211
12	-26.6211
12	-26.6211
12	-26.6211
12	-26.6211
12	-26.6211
12	-26.6211
12	-26.6211
12	-26.6211
12	-26.6211
13	-26.6211
13	-26.6211
13	-26.5332
13	-26.5332
13	-26.5332
13	-26.5332
13	-26.5332
13	-26.5332
13	-26.5332
13	-26.5332
13	-26.5332
13	-26.5332
13	-26.5332
13	-26.5332
13	-26.5332
13	-26.5332
13	-26.5332
13	-26.5332
13	-26.5332
13	-26.5332
13	-26.5332
13	-26.5332
13	-26.5332
13	-26.5332
13	-26.5332
13	-26.5332
13	-26.5332
13	-26.5332
13	-26.5332
13	-26.5332
13	-26.5332
13	-26.5332
13	-26.5332
13	-26.5332
13	-26.5332
13	-26.5332
13	-26.5332
13	-26.5332
13	-26.5332
13	-26.5332
13	-26.5332
13	-26.5332
13	-26.5332
13	-26.5332
13	-26.5332
13	-26.5332
13	-26.5332
13	-26.4453
13	-26.4453
13	-26.4453
13	-26.4453
13	-26.4453
13	-26.4453
13	-26.4453
13	-26.4453
13	-26.4453
13	-26.4453
13	-26.4453
13	-26.4453
13	-26.4453
13	-26.4453
13	-26.4453
13	-26.4453
13	-26.4453
13	-26.4453
13	-26.4453
13	-26.4453
13	-26.4453
13	-26.4453
13	-26.4453
13	-26.4453
13	-26.4453
13	-26.4453
13	-26.4453
13	-26.4453
13	-26.5332
13	-26.5332
13	-26.5332
13	-26.5332
13	-26.5332
13	-26.5332
13	-26.5332
13	-26.5332
13	-26.5332
13	-26.5332
13	-26.5332
13	-26.5332
13	-26.5332
13	-26.5332
13	-26.5332
13	-26.5332
13	-26.5332
13	-26.5332
13	-26.5332
13	-26.5332
13	-26.5332
13	-26.5332
13	-26.5332
13	-26.5332
13	-26.5332
13	-26.5332
13	-26.5332
13	-26.5332
13	-26.5332
13	-26.5332
13	-26.5332
13	-26.5332
13	-26.5332
13	-26.5332
13	-26.5332
13	-26.5332
13	-26.5332
13	-26.5332
13	-26.6211
13	-26.6211
13	-26.6211
13	-26.6211
13	-26.6211
13	-26.6211
13	-26.6211
13	-26.6211
13	-26.6211
13	-26.6211
13	-26.6211
13	-26.6211
13	-26.6211
13	-26.6211
13	-26.6211
13	-26.6211
13	-26.6211
13	-26.6211
13	-26.6211
13	-26.6211
13	-26.6211
13	-26.6211
13	-26.6211
13	-26.6211
13	-26.6211
13	-26.709
13	-26.709
13	-26.709
13	-26.709
13	-26.709
13	-26.709
13	-26.709
13	-26.709
13	-26.709
13	-26.709
13	-26.709
13	-26.709
13	-26.709
13	-26.709
13	-26.709
13	-26.709
13	-26.709
13	-26.709
13	-26.709
13	-26.709
13	-26.709
13	-26.7969
13	-26.7969
13	-26.7969
13	-26.7969
13	-26.7969
13	-26.7969
13	-26.7969
13	-26.7969
13	-26.7969
13	-26.7969
13	-26.7969
13	-26.7969
13	-26.7969
13	-26.7969
13	-26.7969
13	-26.7969
13	-26.8848
13	-26.8848
13	-26.8848
13	-26.8848
13	-26.8848
13	-26.8848
13	-26.8848
13	-26.8848
13	-26.8848
13	-26.8848
13	-26.8848
13	-26.8848
13	-26.8848
13	-26.8848
13	-26.9727
13	-26.9727
13	-26.9727
13	-26.9727
13	-26.9727
13	-26.9727
13	-26.9727
13	-26.9727
13	-26.9727
13	-26.9727
14	-26.9727
14	-26.9727
14	-26.9727
14	-26.9727
14	-27.0605
14	-27.0605
14	-27.0605
14	-27.0605
14	-27.0605
14	-27.0605
14	-27.0605
14	-27.0605
14	-27.0605
14	-27.0605
14	-27.0605
14	-27.0605
14	-27.0605
14	-27.1484
14	-27.1484
14	-27.1484
14	-27.1484
14	-27.1484
14	-27.1484
14	-27.1484
14	-27.1484
14	-27.1484
14	-27.1484
14	-27.1484
14	-27.1484
14	-27.1484
14	-27.2363
14	-27.2363
14	-27.2363
14	-27.2363
14	-27.2363
14	-27.2363
14	-27.2363
14	-27.2363
14	-27.2363
14	-27.2363
14	-27.2363
14	-27.3242
14	-27.3242
14	-27.3242
14	-27.3242
14	-27.3242
14	-27.3242
14	-27.3242
14	-27.3242
14	-27.3242
14	-27.3242
14	-27.3242
14	-27.3242
14	-27.4121
14	-27.4121
14	-27.4121
14	-27.4121
14	-27.4121
14	-27.4121
14	-27.4121
14	-27.4121
14	-27.4121
14	-27.4121
14	-27.4121
14	-27.5
14	-27.5
14	-27.5
14	-27.5
14	-27.5
14	-27.5
14	-27.5
14	-27.5
14	-27.5
14	-27.5
14	-27.5
14	-27.5879
14	-27.5879
14	-27.5879
14	-27.5879
14	-27.5879
14	-27.5879
14	-27.5879
14	-27.5879
14	-27.5879
14	-27.5879
14	-27.5879
14	-27.6758
14	-27.6758
14	-27.6758
14	-27.6758
14	-27.6758
14	-27.6758
14	-27.6758
14	-27.6758
14	-27.6758
14	-27.6758
14	-27.6758
14	-27.7637
14	-27.7637
14	-27.7637
14	-27.7637
14	-27.7637
14	-27.7637
14	-27.7637
14	-27.7637
14	-27.7637
14	-27.7637
14	-27.7637
14	-27.8516
14	-27.8516
14	-27.8516
14	-27.8516
14	-27.8516
14	-27.8516
14	-27.8516
14	-27.8516
14	-27.8516
14	-27.8516
14	-27.8516
14	-27.9395
14	-27.9395
14	-27.9395
14	-27.9395
14	-27.9395
14	-27.9395
14	-27.9395
14	-27.9395
14	-27.9395
14	-27.9395
14	-28.0273
14	-28.0273
14	-28.0273
14	-28.0273
14	-28.0273
14	-28.0273
14	-28.0273
14	-28.0273
14	-28.0273
14	-28.0273
14	-28.0273
14	-28.1152
14	-28.1152
14	-28.1152
14	-28.1152
14	-28.1152
14	-28.1152
14	-28.1152
14	-28.1152
14	-28.1152
14	-28.1152
14	-28.1152
14	-28.2031
14	-28.2031
14	-28.2031
14	-28.2031
14	-28.2031
14	-28.2031
14	-28.2031
14	-28.2031
14	-28.2031
14	-28.2031
14	-28.2031
14	-28.2031
14	-28.291
14	-28.291
14	-28.291
14	-28.291
14	-28.291
14	-28.291
14	-28.291
14	-28.291
14	-28.291
14	-28.291
14	-28.3789
14	-28.3789
14	-28.3789
14	-28.3789
14	-28.3789
14	-28.3789
14	-28.3789
14	-28.3789
14	-28.3789
14	-28.3789
14	-28.3789
14	-28.3789
14	-28.3789
14	-28.4668
14	-28.4668
14	-28.4668
14	-28.4668
14	-28.4668
14	-28.4668
14	-28.4668
14	-28.4668
14	-28.4668
14	-28.4668
14	-28.4668
14	-28.4668
14	-28.4668
14	-28.5547
14	-28.5547
15	-28.5547
15	-28.5547
15	-28.5547
15	-28.5547
15	-28.5547
15	-28.5547
15	-28.5547
15	-28.5547
15	-28.5547
15	-28.5547
15	-28.5547
15	-28.6426
15	-28.6426
15	-28.6426
15	-28.6426
15	-28.6426
15	-28.6426
15	-28.6426
15	-28.6426
15	-28.6426
15	-28.6426
15	-28.6426
15	-28.6426
15	-28.7305
15	-28.7305
15	-28.7305
15	-28.7305
15	-28.7305
15	-28.7305
15	-28.7305
15	-28.7305
15	-28.7305
15	-28.7305
15	-28.7305
15	-28.7305
15	-28.7305
15	-28.7305
15	-28.7305
15	-28.7305
15	-28.8184
15	-28.8184
15	-28.8184
15	-28.8184
15	-28.8184
15	-28.8184
15	-28.8184
15	-28.8184
15	-28.8184
15	-28.8184
15	-28.8184
15	-28.8184
15	-28.8184
15	-28.8184
15	-28.8184
15	-28.8184
15	-28.8184
15	-28.8184
15	-28.8184
15	-28.9062
15	-28.9062
15	-28.9062
15	-28.9062
15	-28.9062
15	-28.9062
15	-28.9062
15	-28.9062
15	-28.9062
15	-28.9062
15	-28.9062
15	-28.9062
15	-28.9062
15	-28.9062
15	-28.9062
15	-28.9062
15	-28.9062
15	-28.9062
15	-28.9062
15	-28.9941
15	-28.9941
15	-28.9941
15	-28.9941
15	-28.9941
15	-28.9941
15	-28.9941
15	-28.9941
15	-28.9941
15	-28.9941
15	-28.9941
15	-28.9941
15	-28.9941
15	-28.9941
15	-28.9941
15	-28.9941
15	-28.9941
15	-28.9941
15	-28.9941
15	-28.9941
15	-29.082
15	-29.082
15	-29.082
15	-29.082
15	-29.082
15	-29.082
15	-29.082
15	-29.082
15	-29.082
15	-29.082
15	-29.082
15	-29.082
15	-29.082
15	-29.082
15	-29.082
15	-29.082
15	-29.082
15	-29.082
15	-29.082
15	-29.082
15	-29.082
15	-29.082
15	-29.082
15	-29.082
15	-29.082
15	-29.082
15	-29.082
15	-29.082
15	-29.082
15	-29.082
15	-29.082
15	-29.082
15	-29.082
15	-29.082
15	-29.082
15	-29.082
15	-29.082
15	-29.082
15	-29.082
15	-29.082
15	-29.082
15	-29.082
15	-29.082
15	-29.1699
15	-29.1699
15	-29.1699
15	-29.1699
15	-29.1699
15	-29.1699
15	-29.1699
15	-29.1699
15	-29.1699
15	-29.1699
15	-29.1699
15	-29.1699
15	-29.1699
15	-29.1699
15	-29.1699
15	-29.1699
15	-29.1699
15	-29.1699
15	-29.1699
15	-29.1699
15	-29.1699
15	-29.1699
15	-29.1699
15	-29.1699
15	-29.1699
15	-29.1699
15	-29.1699
15	-29.1699
15	-29.1699
15	-29.1699
15	-29.1699
15	-29.1699
15	-29.1699
15	-29.1699
15	-29.1699
15	-29.1699
15	-29.1699
15	-29.1699
15	-29.1699
15	-29.1699
15	-29.1699
15	-29.1699
15	-29.1699
15	-29.1699
15	-29.1699
15	-29.1699
15	-29.1699
15	-29.1699
15	-29.1699
15	-29.1699
15	-29.1699
15	-29.1699
15	-29.1699
15	-29.1699
15	-29.1699
15	-29.1699
15	-29.1699
15	-29.1699
15	-29.1699
16	-29.1699
16	-29.1699
16	-29.1699
16	-29.082
16	-29.082
16	-29.082
16	-29.082
16	-29.082
16	-29.082
16	-29.082
16	-29.082
16	-29.082
16	-29.082
16	-29.082
16	-29.082
16	-29.082
16	-29.082
16	-29.082
16	-29.082
16	-29.082
16	-29.082
16	-29.082
16	-29.082
16	-29.082
16	-29.082
16	-29.082
16	-29.082
16	-29.082
16	-29.082
16	-29.082
16	-29.082
16	-29.082
16	-29.082
16	-29.082
16	-29.082
16	-29.082
16	-29.082
16	-28.9941
16	-28.9941
16	-28.9941
16	-28.9941
16	-28.9941
16	-28.9941
16	-28.9941
16	-28.9941
16	-28.9941
16	-28.9941
16	-28.9941
16	-28.9941
16	-28.9941
16	-28.9941
16	-28.9941
16	-28.9941
16	-28.9941
16	-28.9941
16	-28.9941
16	-28.9941
16	-28.9941
16	-28.9941
16	-28.9062
16	-28.9062
16	-28.9062
16	-28.9062
16	-28.9062
16	-28.9062
16	-28.9062
16	-28.9062
16	-28.9062
16	-28.9062
16	-28.9062
16	-28.9062
16	-28.9062
16	-28.9062
16	-28.9062
16	-28.9062
16	-28.9062
16	-28.9062
16	-28.9062
16	-28.9062
16	-28.8184
16	-28.8184
16	-28.8184
16	-28.8184
16	-28.8184
16	-28.8184
16	-28.8184
16	-28.8184
16	-28.8184
16	-28.8184
16	-28.8184
16	-28.8184
16	-28.8184
16	-28.8184
16	-28.8184
16	-28.7305
16	-28.7305
16	-28.7305
16	-28.7305
16	-28.7305
16	-28.7305
16	-28.7305
16	-28.7305
16	-28.7305
16	-28.7305
16	-28.7305
16	-28.7305
16	-28.7305
16	-28.7305
16	-28.7305
16	-28.7305
16	-28.6426
16	-28.6426
16	-28.6426
16	-28.6426
16	-28.6426
16	-28.6426
16	-28.6426
16	-28.6426
16	-28.6426
16	-28.6426
16	-28.6426
16	-28.6426
16	-28.5547
16	-28.5547
16	-28.5547
16	-28.5547
16	-28.5547
16	-28.5547
16	-28.5547
16	-28.5547
16	-28.5547
16	-28.5547
16	-28.5547
16	-28.5547
16	-28.5547
16	-28.5547
16	-28.4668
16	-28.4668
16	-28.4668
16	-28.4668
16	-28.4668
16	-28.4668
16	-28.4668
16	-28.4668
16	-28.4668
16	-28.4668
16	-28.4668
16	-28.4668
16	-28.3789
16	-28.3789
16	-28.3789
16	-28.3789
16	-28.3789
16	-28.3789
16	-28.3789
16	-28.3789
16	-28.3789
16	-28.3789
16	-28.3789
16	-28.3789
16	-28.3789
16	-28.291
16	-28.291
16	-28.291
16	-28.291
16	-28.291
16	-28.291
16	-28.291
16	-28.291
16	-28.291
16	-28.291
16	-28.2031
16	-28.2031
16	-28.2031
16	-28.2031
16	-28.2031
16	-28.2031
16	-28.2031
16	-28.2031
16	-28.2031
16	-28.2031
16	-28.2031
16	-28.2031
16	-28.1152
16	-28.1152
16	-28.1152
16	-28.1152
16	-28.1152
16	-28.1152
16	-28.1152
16	-28.1152
16	-28.1152
16	-28.1152
16	-28.1152
16	-28.0273
16	-28.0273
16	-28.0273
16	-28.0273
16	-28.0273
16	-28.0273
16	-28.0273
17	-28.0273
17	-28.0273
17	-28.0273
17	-28.0273
17	-27.9395
17	-27.9395
17	-27.9395
17	-27.9395
17	-27.9395
17	-27.9395
17	-27.9395
17	-27.9395
17	-27.9395
17	-27.9395
17	-27.8516
17	-27.8516
17	-27.8516
17	-27.8516
17	-27.8516
17	-27.8516
17	-27.8516
17	-27.8516
17	-27.8516
17	-27.8516
17	-27.8516
17	-27.8516
17	-27.7637
17	-27.7637
17	-27.7637
17	-27.7637
17	-27.7637
17	-27.7637
17	-27.7637
17	-27.7637
17	-27.7637
17	-27.7637
17	-27.7637
17	-27.6758
17	-27.6758
17	-27.6758
17	-27.6758
17	-27.6758
17	-27.6758
17	-27.6758
17	-27.6758
17	-27.6758
17	-27.6758
17	-27.6758
17	-27.5879
17	-27.5879
17	-27.5879
17	-27.5879
17	-27.5879
17	-27.5879
17	-27.5879
17	-27.5879
17	-27.5879
17	-27.5879
17	-27.5
17	-27.5
17	-27.5
17	-27.5
17	-27.5
17	-27.5
17	-27.5
17	-27.5
17	-27.5
17	-27.5
17	-27.5
17	-27.5
17	-27.4121
17	-27.4121
17	-27.4121
17	-27.4121
17	-27.4121
17	-27.4121
17	-27.4121
17	-27.4121
17	-27.4121
17	-27.4121
17	-27.4121
17	-27.4121
17	-27.4121
17	-27.3242
17	-27.3242
17	-27.3242
17	-27.3242
17	-27.3242
17	-27.3242
17	-27.3242
17	-27.3242
17	-27.3242
17	-27.3242
17	-27.3242
17	-27.3242
17	-27.2363
17	-27.2363
17	-27.2363
17	-27.2363
17	-27.2363
17	-27.2363
17	-27.2363
17	-27.2363
17	-27.2363
17	-27.2363
17	-27.2363
17	-27.2363
17	-27.1484
17	-27.1484
17	-27.1484
17	-27.1484
17	-27.1484
17	-27.1484
17	-27.1484
17	-27.1484
17	-27.1484
17	-27.1484
17	-27.1484
17	-27.1484
17	-27.1484
17	-27.1484
17	-27.0605
17	-27.0605
17	-27.0605
17	-27.0605
17	-27.0605
17	-27.0605
17	-27.0605
17	-27.0605
17	-27.0605
17	-27.0605
17	-27.0605
17	-27.0605
17	-27.0605
17	-27.0605
17	-27.0605
17	-26.9727
17	-26.9727
17	-26.9727
17	-26.9727
17	-26.9727
17	-26.9727
17	-26.9727
17	-26.9727
17	-26.9727
17	-26.9727
17	-26.9727
17	-26.9727
17	-26.9727
17	-26.9727
17	-26.9727
17	-26.9727
17	-26.8848
17	-26.8848
17	-26.8848
17	-26.8848
17	-26.8848
17	-26.8848
17	-26.8848
17	-26.8848
17	-26.8848
17	-26.8848
17	-26.8848
17	-26.8848
17	-26.8848
17	-26.8848
17	-26.8848
17	-26.8848
17	-26.8848
17	-26.8848
17	-26.7969
17	-26.7969
17	-26.7969
17	-26.7969
17	-26.7969
17	-26.7969
17	-26.7969
17	-26.7969
17	-26.7969
17	-26.7969
17	-26.7969
17	-26.7969
17	-26.7969
17	-26.7969
17	-26.7969
17	-26.7969
17	-26.7969
17	-26.7969
17	-26.7969
17	-26.7969
17	-26.7969
17	-26.709
17	-26.709
17	-26.709
17	-26.709
17	-26.709
17	-26.709
17	-26.709
17	-26.709
18	-26.709
18	-26.709
18	-26.709
18	-26.709
18	-26.709
18	-26.709
18	-26.709
18	-26.709
18	-26.709
18	-26.709
18	-26.709
18	-26.709
18	-26.709
18	-26.709
18	-26.709
18	-26.709
18	-26.709
18	-26.709
18	-26.709
18	-26.709
18	-26.709
18	-26.709
18	-26.709
18	-26.709
18	-26.709
18	-26.709
18	-26.6211
18	-26.6211
18	-26.6211
18	-26.6211
18	-26.6211
18	-26.6211
18	-26.6211
18	-26.6211
18	-26.6211
18	-26.6211
18	-26.6211
18	-26.6211
18	-26.6211
18	-26.6211
18	-26.6211
18	-26.6211
18	-26.6211
18	-26.6211
18	-26.6211
18	-26.6211
18	-26.6211
18	-26.6211
18	-26.6211
18	-26.6211
18	-26.6211
18	-26.6211
18	-26.6211
18	-26.6211
18	-26.6211
18	-26.6211
18	-26.6211
18	-26.6211
18	-26.6211
18	-26.6211
18	-26.6211
18	-26.6211
18	-26.6211
18	-26.6211
18	-26.6211
18	-26.6211
18	-26.6211
18	-26.6211
18	-26.6211
18	-26.6211
18	-26.6211
18	-26.6211
18	-26.6211
18	-26.6211
18	-26.6211
18	-26.6211
18	-26.6211
18	-26.6211
18	-26.6211
18	-26.6211
18	-26.6211
18	-26.6211
18	-26.6211
18	-26.6211
18	-26.6211
18	-26.6211
18	-26.6211
18	-26.6211
18	-26.6211
18	-26.6211
18	-26.6211
18	-26.6211
18	-26.6211
18	-26.6211
18	-26.6211
18	-26.6211
18	-26.6211
18	-26.6211
18	-26.6211
18	-26.6211
18	-26.6211
18	-26.6211
18	-26.6211
18	-26.6211
18	-26.6211
18	-26.6211
18	-26.6211
18	-26.6211
18	-26.6211
18	-26.6211
18	-26.6211
18	-26.6211
18	-26.6211
18	-26.6211
18	-26.6211
18	-26.6211
18	-26.709
18	-26.709
18	-26.709
18	-26.709
18	-26.709
18	-26.709
18	-26.709
18	-26.709
18	-26.709
18	-26.709
18	-26.709
18	-26.709
18	-26.709
18	-26.709
18	-26.709
18	-26.709
18	-26.709
18	-26.709
18	-26.709
18	-26.709
18	-26.709
18	-26.709
18	-26.709
18	-26.709
18	-26.709
18	-26.709
18	-26.709
18	-26.709
18	-26.709
18	-26.709
18	-26.709
18	-26.709
18	-26.7969
18	-26.7969
18	-26.7969
18	-26.7969
18	-26.7969
18	-26.7969
18	-26.7969
18	-26.7969
18	-26.7969
18	-26.7969
18	-26.7969
18	-26.7969
18	-26.7969
18	-26.7969
18	-26.7969
18	-26.7969
18	-26.7969
18	-26.7969
18	-26.7969
18	-26.7969
18	-26.7969
18	-26.8848
18	-26.8848
18	-26.8848
18	-26.8848
18	-26.8848
18	-26.8848
18	-26.8848
18	-26.8848
18	-26.8848
18	-26.8848
18	-26.8848
18	-26.8848
18	-26.8848
18	-26.8848
18	-26.8848
18	-26.8848
18	-26.8848
18	-26.9727
18	-26.9727
18	-26.9727
18	-26.9727
18	-26.9727
18	-26.9727
18	-26.9727
18	-26.9727
18	-26.9727
18	-26.9727
18	-26.9727
18	-26.9727
18	-26.9727
18	-26.9727
18	-26.9727
19	-26.9727
19	-26.9727
19	-27.0605
19	-27.0605
19	-27.0605
19	-27.0605
19	-27.0605
19	-27.0605
19	-27.0605
19	-27.0605
19	-27.0605
19	-27.0605
19	-27.0605
19	-27.0605
19	-27.0605
19	-27.0605
19	-27.0605
19	-27.1484
19	-27.1484
19	-27.1484
19	-27.1484
19	-27.1484
19	-27.1484
19	-27.1484
19	-27.1484
19	-27.1484
19	-27.1484
19	-27.1484
19	-27.1484
19	-27.1484
19	-27.1484
19	-27.1484
19	-27.2363
19	-27.2363
19	-27.2363
19	-27.2363
19	-27.2363
19	-27.2363
19	-27.2363
19	-27.2363
19	-27.2363
19	-27.2363
19	-27.2363
19	-27.3242
19	-27.3242
19	-27.3242
19	-27.3242
19	-27.3242
19	-27.3242
19	-27.3242
19	-27.3242
19	-27.3242
19	-27.3242
19	-27.3242
19	-27.3242
19	-27.3242
19	-27.3242
19	-27.4121
19	-27.4121
19	-27.4121
19	-27.4121
19	-27.4121
19	-27.4121
19	-27.4121
19	-27.4121
19	-27.4121
19	-27.4121
19	-27.4121
19	-27.4121
19	-27.4121
19	-27.5
19	-27.5
19	-27.5
19	-27.5
19	-27.5
19	-27.5
19	-27.5
19	-27.5
19	-27.5
19	-27.5
19	-27.5
19	-27.5
19	-27.5879
19	-27.5879
19	-27.5879
19	-27.5879
19	-27.5879
19	-27.5879
19	-27.5879
19	-27.5879
19	-27.5879
19	-27.5879
19	-27.5879
19	-27.6758
19	-27.6758
19	-27.6758
19	-27.6758
19	-27.6758
19	-27.6758
19	-27.6758
19	-27.6758
19	-27.6758
19	-27.6758
19	-27.6758
19	-27.6758
19	-27.7637
19	-27.7637
19	-27.7637
19	-27.7637
19	-27.7637
19	-27.7637
19	-27.7637
19	-27.7637
19	-27.7637
19	-27.7637
19	-27.7637
19	-27.7637
19	-27.8516
19	-27.8516
19	-27.8516
19	-27.8516
19	-27.8516
19	-27.8516
19	-27.8516
19	-27.8516
19	-27.8516
19	-27.8516
19	-27.8516
19	-27.8516
19	-27.9395
19	-27.9395
19	-27.9395
19	-27.9395
19	-27.9395
19	-27.9395
19	-27.9395
19	-27.9395
19	-27.9395
19	-27.9395
19	-27.9395
19	-28.0273
19	-28.0273
19	-28.0273
19	-28.0273
19	-28.0273
19	-28.0273
19	-28.0273
19	-28.0273
19	-28.0273
19	-28.0273
19	-28.0273
19	-28.0273
19	-28.1152
19	-28.1152
19	-28.1152
19	-28.1152
19	-28.1152
19	-28.1152
19	-28.1152
19	-28.1152
19	-28.1152
19	-28.1152
19	-28.1152
19	-28.1152
19	-28.2031
19	-28.2031
19	-28.2031
19	-28.2031
19	-28.2031
19	-28.2031
19	-28.2031
19	-28.2031
19	-28.2031
19	-28.2031
19	-28.2031
19	-28.2031
19	-28.2031
19	-28.291
19	-28.291
19	-28.291
19	-28.291
19	-28.291
19	-28.291
19	-28.291
19	-28.291
19	-28.291
19	-28.291
19	-28.291
19	-28.291
19	-28.3789
19	-28.3789
19	-28.3789
19	-28.3789
19	-28.3789
19	-28.3789
19	-28.3789
19	-28.3789
19	-28.3789
19	-28.3789
20	-28.3789
20	-28.3789
20	-28.3789
20	-28.4668
20	-28.4668
20	-28.4668
20	-28.4668
20	-28.4668
20	-28.4668
20	-28.4668
20	-28.4668
20	-28.4668
20	-28.4668
20	-28.4668
20	-28.4668
20	-28.4668
20	-28.5547
20	-28.5547
20	-28.5547
20	-28.5547
20	-28.5547
20	-28.5547
20	-28.5547
20	-28.5547
20	-28.5547
20	-28.5547
20	-28.5547
20	-28.5547
20	-28.5547
20	-28.5547
20	-28.5547
20	-28.5547
20	-28.6426
20	-28.6426
20	-28.6426
20	-28.6426
20	-28.6426
20	-28.6426
20	-28.6426
20	-28.6426
20	-28.6426
20	-28.6426
20	-28.6426
20	-28.6426
20	-28.6426
20	-28.7305
20	-28.7305
20	-28.7305
20	-28.7305
20	-28.7305
20	-28.7305
20	-28.7305
20	-28.7305
20	-28.7305
20	-28.7305
20	-28.7305
20	-28.7305
20	-28.7305
20	-28.7305
20	-28.7305
20	-28.7305
20	-28.8184
20	-28.8184
20	-28.8184
20	-28.8184
20	-28.8184
20	-28.8184
20	-28.8184
20	-28.8184
20	-28.8184
20	-28.8184
20	-28.8184
20	-28.8184
20	-28.8184
20	-28.8184
20	-28.8184
20	-28.8184
20	-28.8184
20	-28.8184
20	-28.8184
20	-28.8184
20	-28.9062
20	-28.9062
20	-28.9062
20	-28.9062
20	-28.9062
20	-28.9062
20	-28.9062
20	-28.9062
20	-28.9062
20	-28.9062
20	-28.9062
20	-28.9062
20	-28.9062
20	-28.9062
20	-28.9062
20	-28.9062
20	-28.9062
20	-28.9062
20	-28.9062
20	-28.9062
20	-28.9062
20	-28.9062
20	-28.9941
20	-28.9941
20	-28.9941
20	-28.9941
20	-28.9941
20	-28.9941
20	-28.9941
20	-28.9941
20	-28.9941
20	-28.9941
20	-28.9941
20	-28.9941
20	-28.9941
20	-28.9941
20	-28.9941
20	-28.9941
20	-28.9941
20	-28.9941
20	-28.9941
20	-28.9941
20	-28.9941
20	-28.9941
20	-28.9941
20	-28.9941
20	-28.9941
20	-28.9941
20	-29.082
20	-29.082
20	-29.082
20	-29.082
20	-29.082
20	-29.082
20	-29.082
20	-29.082
20	-29.082
20	-29.082
20	-29.082
20	-29.082
20	-29.082
20	-29.082
20	-29.082
20	-29.082
20	-29.082
20	-29.082
20	-29.082
20	-29.082
20	-29.082
20	-29.082
20	-29.082
20	-29.082
20	-29.082
20	-29.082
20	-29.082
20	-29.082
20	-29.082
20	-29.082
20	-29.082
20	-29.082
20	-29.082
20	-29.082
20	-29.082
20	-29.082
20	-29.082
20	-29.082
20	-29.082
20	-29.082
20	-29.082
20	-29.082
20	-29.082
20	-29.082
20	-29.082
20	-29.082
20	-29.082
20	-29.082
20	-29.082
20	-29.082
20	-29.082
20	-29.082
20	-29.082
20	-29.082
20	-29.082
20	-29.082
20	-29.082
20	-29.082
20	-29.082
20	-29.082
20	-29.082
20	-29.082
20	-29.082
20	-29.082
20	-29.082
20	-29.082
20	-29.082
20	-29.082
20	-29.082
20	-29.082
20	-29.082
20	-29.082
21	-29.082
21	-29.082
21	-29.082
21	-29.082
21	-29.082
21	-29.082
21	-29.082
21	-29.082
21	-29.082
21	-29.082
21	-29.082
21	-29.082
21	-29.082
21	-29.082
21	-29.082
21	-29.082
21	-29.082
21	-29.082
21	-29.082
21	-29.082
21	-29.082
21	-29.082
21	-29.082
21	-29.082
21	-29.082
21	-29.082
21	-29.082
21	-29.082
21	-29.082
21	-29.082
21	-29.082
21	-29.082
21	-29.082
21	-29.082
21	-29.082
21	-29.082
21	-28.9941
21	-28.9941
21	-28.9941
21	-28.9941
21	-28.9941
21	-28.9941
21	-28.9941
21	-28.9941
21	-28.9941
21	-28.9941
21	-28.9941
21	-28.9941
21	-28.9941
21	-28.9941
21	-28.9941
21	-28.9941
21	-28.9941
21	-28.9941
21	-28.9941
21	-28.9941
21	-28.9941
21	-28.9941
21	-28.9941
21	-28.9941
21	-28.9062
21	-28.9062
21	-28.9062
21	-28.9062
21	-28.9062
21	-28.9062
21	-28.9062
21	-28.9062
21	-28.9062
21	-28.9062
21	-28.9062
21	-28.9062
21	-28.9062
21	-28.9062
21	-28.9062
21	-28.9062
21	-28.9062
21	-28.9062
21	-28.9062
21	-28.9062
21	-28.9062
21	-28.9062
21	-28.9062
21	-28.8184
21	-28.8184
21	-28.8184
21	-28.8184
21	-28.8184
21	-28.8184
21	-28.8184
21	-28.8184
21	-28.8184
21	-28.8184
21	-28.8184
21	-28.8184
21	-28.8184
21	-28.8184
21	-28.8184
21	-28.8184
21	-28.8184
21	-28.8184
21	-28.7305
21	-28.7305
21	-28.7305
21	-28.7305
21	-28.7305
21	-28.7305
21	-28.7305
21	-28.7305
21	-28.7305
21	-28.7305
21	-28.7305
21	-28.7305
21	-28.7305
21	-28.7305
21	-28.7305
21	-28.6426
21	-28.6426
21	-28.6426
21	-28.6426
21	-28.6426
21	-28.6426
21	-28.6426
21	-28.6426
21	-28.6426
21	-28.6426
21	-28.6426
21	-28.6426
21	-28.6426
21	-28.5547
21	-28.5547
21	-28.5547
21	-28.5547
21	-28.5547
21	-28.5547
21	-28.5547
21	-28.5547
21	-28.5547
21	-28.5547
21	-28.5547
21	-28.5547
21	-28.5547
21	-28.5547
21	-28.5547
21	-28.4668
21	-28.4668
21	-28.4668
21	-28.4668
21	-28.4668
21	-28.4668
21	-28.4668
21	-28.4668
21	-28.4668
21	-28.4668
21	-28.4668
21	-28.4668
21	-28.4668
21	-28.4668
21	-28.3789
21	-28.3789
21	-28.3789
21	-28.3789
21	-28.3789
21	-28.3789
21	-28.3789
21	-28.3789
21	-28.3789
21	-28.3789
21	-28.3789
21	-28.3789
21	-28.3789
21	-28.291
21	-28.291
21	-28.291
21	-28.291
21	-28.291
21	-28.291
21	-28.291
21	-28.291
21	-28.291
21	-28.291
21	-28.291
21	-28.2031
21	-28.2031
21	-28.2031
21	-28.2031
21	-28.2031
21	-28.2031
21	-28.2031
21	-28.2031
21	-28.2031
21	-28.2031
21	-28.2031
21	-28.2031
21	-28.1152
21	-28.1152
21	-28.1152
21	-28.1152
21	-28.1152
22	-28.1152
22	-28.1152
22	-28.1152
22	-28.1152
22	-28.1152
22	-28.1152
22	-28.1152
22	-28.1152
22	-28.0273
22	-28.0273
22	-28.0273
22	-28.0273
22	-28.0273
22	-28.0273
22	-28.0273
22	-28.0273
22	-28.0273
22	-28.0273
22	-28.0273
22	-28.0273
22	-27.9395
22	-27.9395
22	-27.9395
22	-27.9395
22	-27.9395
22	-27.9395
22	-27.9395
22	-27.9395
22	-27.9395
22	-27.8516
22	-27.8516
22	-27.8516
22	-27.8516
22	-27.8516
22	-27.8516
22	-27.8516
22	-27.8516
22	-27.8516
22	-27.8516
22	-27.8516
22	-27.8516
22	-27.7637
22	-27.7637
22	-27.7637
22	-27.7637
22	-27.7637
22	-27.7637
22	-27.7637
22	-27.7637
22	-27.7637
22	-27.7637
22	-27.7637
22	-27.7637
22	-27.6758
22	-27.6758
22	-27.6758
22	-27.6758
22	-27.6758
22	-27.6758
22	-27.6758
22	-27.6758
22	-27.6758
22	-27.6758
22	-27.6758
22	-27.6758
22	-27.6758
22	-27.5879
22	-27.5879
22	-27.5879
22	-27.5879
22	-27.5879
22	-27.5879
22	-27.5879
22	-27.5879
22	-27.5879
22	-27.5879
22	-27.5879
22	-27.5
22	-27.5
22	-27.5
22	-27.5
22	-27.5
22	-27.5
22	-27.5
22	-27.5
22	-27.5
22	-27.5
22	-27.5
22	-27.5
22	-27.5
22	-27.4121
22	-27.4121
22	-27.4121
22	-27.4121
22	-27.4121
22	-27.4121
22	-27.4121
22	-27.4121
22	-27.4121
22	-27.4121
22	-27.4121
22	-27.4121
22	-27.4121
22	-27.3242
22	-27.3242
22	-27.3242
22	-27.3242
22	-27.3242
22	-27.3242
22	-27.3242
22	-27.3242
22	-27.3242
22	-27.3242
22	-27.3242
22	-27.3242
22	-27.3242
22	-27.2363
22	-27.2363
22	-27.2363
22	-27.2363
22	-27.2363
22	-27.2363
22	-27.2363
22	-27.2363
22	-27.2363
22	-27.2363
22	-27.2363
22	-27.2363
22	-27.1484
22	-27.1484
22	-27.1484
22	-27.1484
22	-27.1484
22	-27.1484
22	-27.1484
22	-27.1484
22	-27.1484
22	-27.1484
22	-27.1484
22	-27.1484
22	-27.1484
22	-27.1484
22	-27.1484
22	-27.0605
22	-27.0605
22	-27.0605
22	-27.0605
22	-27.0605
22	-27.0605
22	-27.0605
22	-27.0605
22	-27.0605
22	-27.0605
22	-27.0605
22	-27.0605
22	-27.0605
22	-27.0605
22	-27.0605
22	-27.0605
22	-26.9727
22	-26.9727
22	-26.9727
22	-26.9727
22	-26.9727
22	-26.9727
22	-26.9727
22	-26.9727
22	-26.9727
22	-26.9727
22	-26.9727
22	-26.9727
22	-26.9727
22	-26.9727
22	-26.9727
22	-26.9727
22	-26.9727
22	-26.9727
22	-26.8848
22	-26.8848
22	-26.8848
22	-26.8848
22	-26.8848
22	-26.8848
22	-26.8848
22	-26.8848
22	-26.8848
22	-26.8848
22	-26.8848
22	-26.8848
22	-26.8848
22	-26.8848
22	-26.8848
22	-26.8848
22	-26.8848
22	-26.7969
22	-26.7969
22	-26.7969
22	-26.7969
22	-26.7969
22	-26.7969
22	-26.7969
23	-26.7969
23	-26.7969
23	-26.7969
23	-26.7969
23	-26.7969
23	-26.7969
23	-26.7969
23	-26.7969
23	-26.7969
23	-26.7969
23	-26.7969
23	-26.7969
23	-26.7969
23	-26.7969
23	-26.7969
23	-26.7969
23	-26.7969
23	-26.7969
23	-26.709
23	-26.709
23	-26.709
23	-26.709
23	-26.709
23	-26.709
23	-26.709
23	-26.709
23	-26.709
23	-26.709
23	-26.709
23	-26.709
23	-26.709
23	-26.709
23	-26.709
23	-26.709
23	-26.709
23	-26.709
23	-26.709
23	-26.709
23	-26.709
23	-26.709
23	-26.709
23	-26.709
23	-26.709
23	-26.709
23	-26.709
23	-26.709
23	-26.709
23	-26.709
23	-26.709
23	-26.709
23	-26.709
23	-26.709
23	-26.709
23	-26.709
23	-26.709
23	-26.709
23	-26.709
23	-26.6211
23	-26.6211
23	-26.6211
23	-26.6211
23	-26.6211
23	-26.6211
23	-26.6211
23	-26.6211
23	-26.6211
23	-26.6211
23	-26.6211
23	-26.6211
23	-26.6211
23	-26.6211
23	-26.6211
23	-26.6211
23	-26.6211
23	-26.6211
23	-26.6211
23	-26.6211
23	-26.6211
23	-26.6211
23	-26.6211
23	-26.6211
23	-26.6211
23	-26.6211
23	-26.6211
23	-26.6211
23	-26.6211
23	-26.6211
23	-26.6211
23	-26.6211
23	-26.6211
23	-26.6211
23	-26.6211
23	-26.6211
23	-26.6211
23	-26.6211
23	-26.6211
23	-26.6211
23	-26.6211
23	-26.6211
23	-26.6211
23	-26.6211
23	-26.6211
23	-26.6211
23	-26.6211
23	-26.6211
23	-26.6211
23	-26.6211
23	-26.6211
23	-26.6211
23	-26.6211
23	-26.6211
23	-26.6211
23	-26.6211
23	-26.6211
23	-26.6211
23	-26.6211
23	-26.6211
23	-26.6211
23	-26.6211
23	-26.6211
23	-26.6211
23	-26.6211
23	-26.6211
23	-26.709
23	-26.709
23	-26.709
23	-26.709
23	-26.709
23	-26.709
23	-26.709
23	-26.709
23	-26.709
23	-26.709
23	-26.709
23	-26.709
23	-26.709
23	-26.709
23	-26.709
23	-26.709
23	-26.709
23	-26.709
23	-26.709
23	-26.709
23	-26.709
23	-26.709
23	-26.709
23	-26.709
23	-26.709
23	-26.709
23	-26.709
23	-26.709
23	-26.709
23	-26.709
23	-26.709
23	-26.709
23	-26.709
23	-26.709
23	-26.709
23	-26.709
23	-26.7969
23	-26.7969
23	-26.7969
23	-26.7969
23	-26.7969
23	-26.7969
23	-26.7969
23	-26.7969
23	-26.7969
23	-26.7969
23	-26.7969
23	-26.7969
23	-26.7969
23	-26.7969
23	-26.7969
23	-26.7969
23	-26.7969
23	-26.7969
23	-26.7969
23	-26.7969
23	-26.7969
23	-26.7969
23	-26.7969
23	-26.8848
23	-26.8848
23	-26.8848
23	-26.8848
23	-26.8848
23	-26.8848
23	-26.8848
23	-26.8848
23	-26.8848
23	-26.8848
23	-26.8848
23	-26.8848
23	-26.8848
23	-26.8848
23	-26.8848
23	-26.8848
23	-26.9727
24	-26.9727
24	-26.9727
24	-26.9727
24	-26.9727
24	-26.9727
24	-26.9727
24	-26.9727
24	-26.9727
24	-26.9727
24	-26.9727
24	-26.9727
24	-26.9727
24	-26.9727
24	-26.9727
24	-26.9727
24	-26.9727
24	-26.9727
24	-27.0605
24	-27.0605
24	-27.0605
24	-27.0605
24	-27.0605
24	-27.0605
24	-27.0605
24	-27.0605
24	-27.0605
24	-27.0605
24	-27.0605
24	-27.0605
24	-27.0605
24	-27.0605
24	-27.0605
24	-27.0605
24	-27.1484
24	-27.1484
24	-27.1484
24	-27.1484
24	-27.1484
24	-27.1484
24	-27.1484
24	-27.1484
24	-27.1484
24	-27.1484
24	-27.1484
24	-27.1484
24	-27.1484
24	-27.1484
24	-27.1484
24	-27.2363
24	-27.2363
24	-27.2363
24	-27.2363
24	-27.2363
24	-27.2363
24	-27.2363
24	-27.2363
24	-27.2363
24	-27.2363
24	-27.2363
24	-27.2363
24	-27.3242
24	-27.3242
24	-27.3242
24	-27.3242
24	-27.3242
24	-27.3242
24	-27.3242
24	-27.3242
24	-27.3242
24	-27.3242
24	-27.3242
24	-27.3242
24	-27.3242
24	-27.4121
24	-27.4121
24	-27.4121
24	-27.4121
24	-27.4121
24	-27.4121
24	-27.4121
24	-27.4121
24	-27.4121
24	-27.4121
24	-27.4121
24	-27.4121
24	-27.4121
24	-27.4121
24	-27.4121
24	-27.5
24	-27.5
24	-27.5
24	-27.5
24	-27.5
24	-27.5
24	-27.5
24	-27.5
24	-27.5
24	-27.5
24	-27.5
24	-27.5
24	-27.5879
24	-27.5879
24	-27.5879
24	-27.5879
24	-27.5879
24	-27.5879
24	-27.5879
24	-27.5879
24	-27.5879
24	-27.5879
24	-27.6758
24	-27.6758
24	-27.6758
24	-27.6758
24	-27.6758
24	-27.6758
24	-27.6758
24	-27.6758
24	-27.6758
24	-27.6758
24	-27.6758
24	-27.6758
24	-27.7637
24	-27.7637
24	-27.7637
24	-27.7637
24	-27.7637
24	-27.7637
24	-27.7637
24	-27.7637
24	-27.7637
24	-27.7637
24	-27.7637
24	-27.7637
24	-27.7637
24	-27.8516
24	-27.8516
24	-27.8516
24	-27.8516
24	-27.8516
24	-27.8516
24	-27.8516
24	-27.8516
24	-27.8516
24	-27.8516
24	-27.8516
24	-27.8516
24	-27.9395
24	-27.9395
24	-27.9395
24	-27.9395
24	-27.9395
24	-27.9395
24	-27.9395
24	-27.9395
24	-27.9395
24	-27.9395
24	-27.9395
24	-28.0273
24	-28.0273
24	-28.0273
24	-28.0273
24	-28.0273
24	-28.0273
24	-28.0273
24	-28.0273
24	-28.0273
24	-28.0273
24	-28.0273
24	-28.0273
24	-28.1152
24	-28.1152
24	-28.1152
24	-28.1152
24	-28.1152
24	-28.1152
24	-28.1152
24	-28.1152
24	-28.1152
24	-28.1152
24	-28.1152
24	-28.1152
24	-28.1152
24	-28.2031
24	-28.2031
24	-28.2031
24	-28.2031
24	-28.2031
24	-28.2031
24	-28.2031
24	-28.2031
24	-28.2031
24	-28.2031
24	-28.2031
24	-28.2031
24	-28.2031
24	-28.291
24	-28.291
24	-28.291
24	-28.291
24	-28.291
25	-28.291
25	-28.291
25	-28.291
25	-28.291
25	-28.291
25	-28.3789
25	-28.3789
25	-28.3789
25	-28.3789
25	-28.3789
25	-28.3789
25	-28.3789
25	-28.3789
25	-28.3789
25	-28.3789
25	-28.3789
25	-28.3789
25	-28.3789
25	-28.3789
25	-28.4668
25	-28.4668
25	-28.4668
25	-28.4668
25	-28.4668
25	-28.4668
25	-28.4668
25	-28.4668
25	-28.4668
25	-28.4668
25	-28.4668
25	-28.4668
25	-28.4668
25	-28.4668
25	-28.5547
25	-28.5547
25	-28.5547
25	-28.5547
25	-28.5547
25	-28.5547
25	-28.5547
25	-28.5547
25	-28.5547
25	-28.5547
25	-28.5547
25	-28.5547
25	-28.5547
25	-28.5547
25	-28.5547
25	-28.6426
25	-28.6426
25	-28.6426
25	-28.6426
25	-28.6426
25	-28.6426
25	-28.6426
25	-28.6426
25	-28.6426
25	-28.6426
25	-28.6426
25	-28.6426
25	-28.6426
25	-28.6426
25	-28.7305
25	-28.7305
25	-28.7305
25	-28.7305
25	-28.7305
25	-28.7305
25	-28.7305
25	-28.7305
25	-28.7305
25	-28.7305
25	-28.7305
25	-28.7305
25	-28.7305
25	-28.7305
25	-28.7305
25	-28.7305
25	-28.7305
25	-28.7305
25	-28.8184
25	-28.8184
25	-28.8184
25	-28.8184
25	-28.8184
25	-28.8184
25	-28.8184
25	-28.8184
25	-28.8184
25	-28.8184
25	-28.8184
25	-28.8184
25	-28.8184
25	-28.8184
25	-28.8184
25	-28.8184
25	-28.8184
25	-28.8184
25	-28.8184
25	-28.8184
25	-28.9062
25	-28.9062
25	-28.9062
25	-28.9062
25	-28.9062
25	-28.9062
25	-28.9062
25	-28.9062
25	-28.9062
25	-28.9062
25	-28.9062
25	-28.9062
25	-28.9062
25	-28.9062
25	-28.9062
25	-28.9062
25	-28.9062
25	-28.9062
25	-28.9062
25	-28.9062
25	-28.9062
25	-28.9062
25	-28.9062
25	-28.9062
25	-28.9062
25	-28.9062
25	-28.9941
25	-28.9941
25	-28.9941
25	-28.9941
25	-28.9941
25	-28.9941
25	-28.9941
25	-28.9941
25	-28.9941
25	-28.9941
25	-28.9941
25	-28.9941
25	-28.9941
25	-28.9941
25	-28.9941
25	-28.9941
25	-28.9941
25	-28.9941
25	-28.9941
25	-28.9941
25	-28.9941
25	-28.9941
25	-28.9941
25	-28.9941
25	-28.9941
25	-28.9941
25	-28.9941
25	-28.9941
25	-28.9941
25	-28.9941
25	-28.9941
25	-28.9941
25	-29.082
25	-29.082
25	-29.082
25	-29.082
25	-29.082
25	-29.082
25	-29.082
25	-29.082
25	-29.082
25	-29.082
25	-29.082
25	-29.082
25	-29.082
25	-29.082
25	-29.082
25	-29.082
25	-29.082
25	-29.082
25	-29.082
25	-29.082
25	-29.082
25	-29.082
25	-29.082
25	-29.082
25	-29.082
25	-29.082
25	-29.082
25	-29.082
25	-29.082
25	-29.082
25	-29.082
25	-29.082
25	-29.082
25	-29.082
25	-29.082
25	-29.082
25	-29.082
25	-29.082
25	-29.082
25	-29.082
25	-29.082
26	-29.082
26	-29.082
26	-29.082
26	-29.082
26	-29.082
26	-29.082
26	-29.082
26	-29.082
26	-29.082
26	-29.082
26	-29.082
26	-29.082
26	-29.082
26	-29.082
26	-29.082
26	-29.082
26	-29.082
26	-29.082
26	-29.082
26	-29.082
26	-29.082
26	-29.082
26	-29.082
26	-29.082
26	-29.082
26	-29.082
26	-29.082
26	-29.082
26	-29.082
26	-29.082
26	-29.082
26	-29.082
26	-29.082
26	-29.082
26	-29.082
26	-29.082
26	-29.082
26	-29.082
26	-29.082
26	-29.082
26	-29.082
26	-29.082
26	-28.9941
26	-28.9941
26	-28.9941
26	-28.9941
26	-28.9941
26	-28.9941
26	-28.9941
26	-28.9941
26	-28.9941
26	-28.9941
26	-28.9941
26	-28.9941
26	-28.9941
26	-28.9941
26	-28.9941
26	-28.9941
26	-28.9941
26	-28.9941
26	-28.9941
26	-28.9941
26	-28.9941
26	-28.9941
26	-28.9941
26	-28.9941
26	-28.9941
26	-28.9941
26	-28.9941
26	-28.9941
26	-28.9941
26	-28.9941
26	-28.9941
26	-28.9062
26	-28.9062
26	-28.9062
26	-28.9062
26	-28.9062
26	-28.9062
26	-28.9062
26	-28.9062
26	-28.9062
26	-28.9062
26	-28.9062
26	-28.9062
26	-28.9062
26	-28.9062
26	-28.9062
26	-28.9062
26	-28.9062
26	-28.9062
26	-28.9062
26	-28.9062
26	-28.9062
26	-28.9062
26	-28.9062
26	-28.9062
26	-28.9062
26	-28.8184
26	-28.8184
26	-28.8184
26	-28.8184
26	-28.8184
26	-28.8184
26	-28.8184
26	-28.8184
26	-28.8184
26	-28.8184
26	-28.8184
26	-28.8184
26	-28.8184
26	-28.8184
26	-28.8184
26	-28.8184
26	-28.8184
26	-28.8184
26	-28.8184
26	-28.8184
26	-28.8184
26	-28.7305
26	-28.7305
26	-28.7305
26	-28.7305
26	-28.7305
26	-28.7305
26	-28.7305
26	-28.7305
26	-28.7305
26	-28.7305
26	-28.7305
26	-28.7305
26	-28.7305
26	-28.7305
26	-28.7305
26	-28.7305
26	-28.7305
26	-28.6426
26	-28.6426
26	-28.6426
26	-28.6426
26	-28.6426
26	-28.6426
26	-28.6426
26	-28.6426
26	-28.6426
26	-28.6426
26	-28.6426
26	-28.6426
26	-28.6426
26	-28.6426
26	-28.6426
26	-28.6426
26	-28.5547
26	-28.5547
26	-28.5547
26	-28.5547
26	-28.5547
26	-28.5547
26	-28.5547
26	-28.5547
26	-28.5547
26	-28.5547
26	-28.5547
26	-28.5547
26	-28.5547
26	-28.5547
26	-28.4668
26	-28.4668
26	-28.4668
26	-28.4668
26	-28.4668
26	-28.4668
26	-28.4668
26	-28.4668
26	-28.4668
26	-28.4668
26	-28.4668
26	-28.4668
26	-28.4668
26	-28.4668
26	-28.4668
26	-28.3789
26	-28.3789
26	-28.3789
26	-28.3789
26	-28.3789
26	-28.3789
26	-28.3789
26	-28.3789
26	-28.3789
26	-28.3789
26	-28.3789
26	-28.3789
26	-28.3789
26	-28.3789
26	-28.3789
26	-28.291
26	-28.291
26	-28.291
26	-28.291
26	-28.291
27	-28.291
27	-28.291
27	-28.291
27	-28.291
27	-28.291
27	-28.291
27	-28.291
27	-28.2031
27	-28.2031
27	-28.2031
27	-28.2031
27	-28.2031
27	-28.2031
27	-28.2031
27	-28.2031
27	-28.2031
27	-28.2031
27	-28.2031
27	-28.2031
27	-28.2031
27	-28.1152
27	-28.1152
27	-28.1152
27	-28.1152
27	-28.1152
27	-28.1152
27	-28.1152
27	-28.1152
27	-28.1152
27	-28.1152
27	-28.1152
27	-28.1152
27	-28.1152
27	-28.0273
27	-28.0273
27	-28.0273
27	-28.0273
27	-28.0273
27	-28.0273
27	-28.0273
27	-28.0273
27	-28.0273
27	-28.0273
27	-28.0273
27	-28.0273
27	-28.0273
27	-27.9395
27	-27.9395
27	-27.9395
27	-27.9395
27	-27.9395
27	-27.9395
27	-27.9395
27	-27.9395
27	-27.9395
27	-27.9395
27	-27.9395
27	-27.9395
27	-27.8516
27	-27.8516
27	-27.8516
27	-27.8516
27	-27.8516
27	-27.8516
27	-27.8516
27	-27.8516
27	-27.8516
27	-27.8516
27	-27.8516
27	-27.8516
27	-27.7637
27	-27.7637
27	-27.7637
27	-27.7637
27	-27.7637
27	-27.7637
27	-27.7637
27	-27.7637
27	-27.7637
27	-27.7637
27	-27.7637
27	-27.7637
27	-27.7637
27	-27.6758
27	-27.6758
27	-27.6758
27	-27.6758
27	-27.6758
27	-27.6758
27	-27.6758
27	-27.6758
27	-27.6758
27	-27.6758
27	-27.6758
27	-27.6758
27	-27.6758
27	-27.5879
27	-27.5879
27	-27.5879
27	-27.5879
27	-27.5879
27	-27.5879
27	-27.5879
27	-27.5879
27	-27.5879
27	-27.5879
27	-27.5879
27	-27.5879
27	-27.5879
27	-27.5
27	-27.5
27	-27.5
27	-27.5
27	-27.5
27	-27.5
27	-27.5
27	-27.5
27	-27.5
27	-27.5
27	-27.5
27	-27.5
27	-27.5
27	-27.4121
27	-27.4121
27	-27.4121
27	-27.4121
27	-27.4121
27	-27.4121
27	-27.4121
27	-27.4121
27	-27.4121
27	-27.4121
27	-27.4121
27	-27.4121
27	-27.4121
27	-27.4121
27	-27.4121
27	-27.3242
27	-27.3242
27	-27.3242
27	-27.3242
27	-27.3242
27	-27.3242
27	-27.3242
27	-27.3242
27	-27.3242
27	-27.3242
27	-27.3242
27	-27.3242
27	-27.3242
27	-27.3242
27	-27.3242
27	-27.2363
27	-27.2363
27	-27.2363
27	-27.2363
27	-27.2363
27	-27.2363
27	-27.2363
27	-27.2363
27	-27.2363
27	-27.2363
27	-27.2363
27	-27.2363
27	-27.2363
27	-27.2363
27	-27.2363
27	-27.1484
27	-27.1484
27	-27.1484
27	-27.1484
27	-27.1484
27	-27.1484
27	-27.1484
27	-27.1484
27	-27.1484
27	-27.1484
27	-27.1484
27	-27.1484
27	-27.1484
27	-27.1484
27	-27.1484
27	-27.1484
27	-27.0605
27	-27.0605
27	-27.0605
27	-27.0605
27	-27.0605
27	-27.0605
27	-27.0605
27	-27.0605
27	-27.0605
27	-27.0605
27	-27.0605
27	-27.0605
27	-27.0605
27	-27.0605
27	-27.0605
27	-27.0605
28	-27.0605
28	-27.0605
28	-27.0605
28	-27.0605
28	-27.0605
28	-27.0605
28	-27.0605
28	-26.9727
28	-26.9727
28	-26.9727
28	-26.9727
28	-26.9727
28	-26.9727
28	-26.9727
28	-26.9727
28	-26.9727
28	-26.9727
28	-26.9727
28	-26.9727
28	-26.9727
28	-26.9727
28	-26.9727
28	-26.9727
28	-26.9727
28	-26.9727
28	-26.9727
28	-26.9727
28	-26.9727
28	-26.8848
28	-26.8848
28	-26.8848
28	-26.8848
28	-26.8848
28	-26.8848
28	-26.8848
28	-26.8848
28	-26.8848
28	-26.8848
28	-26.8848
28	-26.8848
28	-26.8848
28	-26.8848
28	-26.8848
28	-26.8848
28	-26.8848
28	-26.8848
28	-26.8848
28	-26.8848
28	-26.8848
28	-26.8848
28	-26.8848
28	-26.8848
28	-26.8848
28	-26.8848
28	-26.8848
28	-26.8848
28	-26.8848
28	-26.8848
28	-26.7969
28	-26.7969
28	-26.7969
28	-26.7969
28	-26.7969
28	-26.7969
28	-26.7969
28	-26.7969
28	-26.7969
28	-26.7969
28	-26.7969
28	-26.7969
28	-26.7969
28	-26.7969
28	-26.7969
28	-26.7969
28	-26.7969
28	-26.7969
28	-26.7969
28	-26.7969
28	-26.7969
28	-26.7969
28	-26.7969
28	-26.7969
28	-26.7969
28	-26.7969
28	-26.7969
28	-26.7969
28	-26.7969
28	-26.7969
28	-26.7969
28	-26.7969
28	-26.7969
28	-26.7969
28	-26.7969
28	-26.7969
28	-26.7969
28	-26.7969
28	-26.7969
28	-26.7969
28	-26.7969
28	-26.7969
28	-26.7969
28	-26.7969
28	-26.7969
28	-26.7969
28	-26.7969
28	-26.7969
28	-26.7969
28	-26.7969
28	-26.7969
28	-26.7969
28	-26.7969
28	-26.7969
28	-26.7969
28	-26.7969
28	-26.7969
28	-26.7969
28	-26.7969
28	-26.7969
28	-26.7969
28	-26.7969
28	-26.7969
28	-26.7969
28	-26.7969
28	-26.7969
28	-26.7969
28	-26.7969
28	-26.7969
28	-26.7969
28	-26.7969
28	-26.7969
28	-26.7969
28	-26.7969
28	-26.7969
28	-26.7969
28	-26.7969
28	-26.7969
28	-26.7969
28	-26.7969
28	-26.7969
28	-26.7969
28	-26.7969
28	-26.7969
28	-26.7969
28	-26.7969
28	-26.7969
28	-26.7969
28	-26.7969
28	-26.7969
28	-26.7969
28	-26.7969
28	-26.7969
28	-26.7969
28	-26.7969
28	-26.7969
28	-26.7969
28	-26.7969
28	-26.7969
28	-26.7969
28	-26.7969
28	-26.7969
28	-26.7969
28	-26.7969
28	-26.7969
28	-26.7969
28	-26.7969
28	-26.7969
28	-26.7969
28	-26.7969
28	-26.7969
28	-26.7969
28	-26.7969
28	-26.8848
28	-26.8848
28	-26.8848
28	-26.8848
28	-26.8848
28	-26.8848
28	-26.8848
28	-26.8848
28	-26.8848
28	-26.8848
28	-26.8848
28	-26.8848
28	-26.8848
28	-26.8848
28	-26.8848
28	-26.8848
28	-26.8848
28	-26.8848
28	-26.8848
28	-26.8848
28	-26.8848
28	-26.8848
28	-26.8848
28	-26.8848
28	-26.8848
28	-26.8848
28	-26.9727
28	-26.9727
28	-26.9727
28	-26.9727
29	-26.9727
29	-26.9727
29	-26.9727
29	-26.9727
29	-26.9727
29	-26.9727
29	-26.9727
29	-26.9727
29	-26.9727
29	-26.9727
29	-26.9727
29	-26.9727
29	-26.9727
29	-26.9727
29	-26.9727
29	-26.9727
29	-26.9727
29	-26.9727
29	-26.9727
29	-26.9727
29	-27.0605
29	-27.0605
29	-27.0605
29	-27.0605
29	-27.0605
29	-27.0605
29	-27.0605
29	-27.0605
29	-27.0605
29	-27.0605
29	-27.0605
29	-27.0605
29	-27.0605
29	-27.0605
29	-27.0605
29	-27.0605
29	-27.0605
29	-27.0605
29	-27.0605
29	-27.1484
29	-27.1484
29	-27.1484
29	-27.1484
29	-27.1484
29	-27.1484
29	-27.1484
29	-27.1484
29	-27.1484
29	-27.1484
29	-27.1484
29	-27.1484
29	-27.1484
29	-27.1484
29	-27.1484
29	-27.1484
29	-27.1484
29	-27.1484
29	-27.1484
29	-27.2363
29	-27.2363
29	-27.2363
29	-27.2363
29	-27.2363
29	-27.2363
29	-27.2363
29	-27.2363
29	-27.2363
29	-27.2363
29	-27.2363
29	-27.2363
29	-27.2363
29	-27.3242
29	-27.3242
29	-27.3242
29	-27.3242
29	-27.3242
29	-27.3242
29	-27.3242
29	-27.3242
29	-27.3242
29	-27.3242
29	-27.3242
29	-27.3242
29	-27.3242
29	-27.3242
29	-27.3242
29	-27.3242
29	-27.4121
29	-27.4121
29	-27.4121
29	-27.4121
29	-27.4121
29	-27.4121
29	-27.4121
29	-27.4121
29	-27.4121
29	-27.4121
29	-27.4121
29	-27.4121
29	-27.4121
29	-27.4121
29	-27.5
29	-27.5
29	-27.5
29	-27.5
29	-27.5
29	-27.5
29	-27.5
29	-27.5
29	-27.5
29	-27.5
29	-27.5
29	-27.5
29	-27.5
29	-27.5
29	-27.5879
29	-27.5879
29	-27.5879
29	-27.5879
29	-27.5879
29	-27.5879
29	-27.5879
29	-27.5879
29	-27.5879
29	-27.5879
29	-27.5879
29	-27.5879
29	-27.6758
29	-27.6758
29	-27.6758
29	-27.6758
29	-27.6758
29	-27.6758
29	-27.6758
29	-27.6758
29	-27.6758
29	-27.6758
29	-27.6758
29	-27.6758
29	-27.6758
29	-27.7637
29	-27.7637
29	-27.7637
29	-27.7637
29	-27.7637
29	-27.7637
29	-27.7637
29	-27.7637
29	-27.7637
29	-27.7637
29	-27.7637
29	-27.7637
29	-27.7637
29	-27.8516
29	-27.8516
29	-27.8516
29	-27.8516
29	-27.8516
29	-27.8516
29	-27.8516
29	-27.8516
29	-27.8516
29	-27.8516
29	-27.8516
29	-27.8516
29	-27.9395
29	-27.9395
29	-27.9395
29	-27.9395
29	-27.9395
29	-27.9395
29	-27.9395
29	-27.9395
29	-27.9395
29	-27.9395
29	-27.9395
29	-27.9395
29	-28.0273
29	-28.0273
29	-28.0273
29	-28.0273
29	-28.0273
29	-28.0273
29	-28.0273
29	-28.0273
29	-28.0273
29	-28.0273
29	-28.0273
29	-28.0273
29	-28.0273
29	-28.1152
29	-28.1152
29	-28.1152
29	-28.1152
29	-28.1152
29	-28.1152
29	-28.1152
29	-28.1152
29	-28.1152
30	-28.1152
30	-28.1152
30	-28.1152
30	-28.1152
30	-28.2031
30	-28.2031
30	-28.2031
30	-28.2031
30	-28.2031
30	-28.2031
30	-28.2031
30	-28.2031
30	-28.2031
30	-28.2031
30	-28.2031
30	-28.2031
30	-28.2031
30	-28.2031
30	-28.291
30	-28.291
30	-28.291
30	-28.291
30	-28.291
30	-28.291
30	-28.291
30	-28.291
30	-28.291
30	-28.291
30	-28.291
30	-28.291
30	-28.3789
30	-28.3789
30	-28.3789
30	-28.3789
30	-28.3789
30	-28.3789
30	-28.3789
30	-28.3789
30	-28.3789
30	-28.3789
30	-28.3789
30	-28.3789
30	-28.3789
30	-28.3789
30	-28.4668
30	-28.4668
30	-28.4668
30	-28.4668
30	-28.4668
30	-28.4668
30	-28.4668
30	-28.4668
30	-28.4668
30	-28.4668
30	-28.4668
30	-28.4668
30	-28.4668
30	-28.4668
30	-28.4668
30	-28.5547
30	-28.5547
30	-28.5547
30	-28.5547
30	-28.5547
30	-28.5547
30	-28.5547
30	-28.5547
30	-28.5547
30	-28.5547
30	-28.5547
30	-28.5547
30	-28.5547
30	-28.5547
30	-28.5547
30	-28.5547
30	-28.5547
30	-28.6426
30	-28.6426
30	-28.6426
30	-28.6426
30	-28.6426
30	-28.6426
30	-28.6426
30	-28.6426
30	-28.6426
30	-28.6426
30	-28.6426
30	-28.6426
30	-28.6426
30	-28.6426
30	-28.7305
30	-28.7305
30	-28.7305
30	-28.7305
30	-28.7305
30	-28.7305
30	-28.7305
30	-28.7305
30	-28.7305
30	-28.7305
30	-28.7305
30	-28.7305
30	-28.7305
30	-28.7305
30	-28.7305
30	-28.7305
30	-28.7305
30	-28.7305
30	-28.7305
30	-28.7305
30	-28.7305
30	-28.7305
30	-28.8184
30	-28.8184
30	-28.8184
30	-28.8184
30	-28.8184
30	-28.8184
30	-28.8184
30	-28.8184
30	-28.8184
30	-28.8184
30	-28.8184
30	-28.8184
30	-28.8184
30	-28.8184
30	-28.8184
30	-28.8184
30	-28.8184
30	-28.8184
30	-28.8184
30	-28.8184
30	-28.8184
30	-28.9062
30	-28.9062
30	-28.9062
30	-28.9062
30	-28.9062
30	-28.9062
30	-28.9062
30	-28.9062
30	-28.9062
30	-28.9062
30	-28.9062
30	-28.9062
30	-28.9062
30	-28.9062
30	-28.9062
30	-28.9062
30	-28.9062
30	-28.9062
30	-28.9062
30	-28.9062
30	-28.9062
30	-28.9062
30	-28.9062
30	-28.9062
30	-28.9062
30	-28.9062
30	-28.9062
30	-28.9062
30	-28.9062
30	-28.9062
30	-28.9062
30	-28.9062
30	-28.9062
30	-28.9062
30	-28.9062
30	-28.9062
30	-28.9941
30	-28.9941
30	-28.9941
30	-28.9941
30	-28.9941
30	-28.9941
30	-28.9941
30	-28.9941
30	-28.9941
30	-28.9941
30	-28.9941
30	-28.9941
30	-28.9941
30	-28.9941
30	-28.9941
30	-28.9941
30	-28.9941
30	-28.9941
30	-28.9941
30	-28.9941
30	-28.9941
30	-28.9941
30	-28.9941
30	-28.9941
30	-28.9941
30	-28.9941
30	-28.9941
30	-28.9941
30	-28.9941
30	-28.9941
30	-28.9941
30	-28.9941
31	-28.9941
31	-28.9941
31	-28.9941
31	-28.9941
31	-28.9941
31	-28.9941
31	-28.9941
31	-28.9941
31	-28.9941
31	-28.9941
31	-28.9941
31	-28.9941
31	-28.9941
31	-28.9941
31	-28.9941
31	-28.9941
31	-28.9941
31	-28.9941
31	-28.9941
31	-28.9941
31	-28.9941
31	-28.9941
31	-28.9941
31	-28.9941
31	-28.9941
31	-28.9941
31	-28.9941
31	-28.9941
31	-28.9941
31	-28.9941
31	-28.9941
31	-28.9941
31	-28.9941
31	-28.9941
31	-28.9941
31	-28.9941
31	-28.9941
31	-28.9941
31	-28.9941
31	-28.9941
31	-28.9941
31	-28.9941
31	-28.9941
31	-28.9941
31	-28.9941
31	-28.9941
31	-28.9941
31	-28.9941
31	-28.9941
31	-28.9941
31	-28.9941
31	-28.9941
31	-28.9941
31	-28.9941
31	-28.9941
31	-28.9941
31	-28.9941
31	-28.9941
31	-28.9941
31	-28.9941
31	-28.9941
31	-28.9941
31	-28.9941
31	-28.9941
31	-28.9941
31	-28.9062
31	-28.9062
31	-28.9062
31	-28.9062
31	-28.9062
31	-28.9062
31	-28.9062
31	-28.9062
31	-28.9062
31	-28.9062
31	-28.9062
31	-28.9062
31	-28.9062
31	-28.9062
31	-28.9062
31	-28.9062
31	-28.9062
31	-28.9062
31	-28.9062
31	-28.9062
31	-28.9062
31	-28.9062
31	-28.9062
31	-28.9062
31	-28.9062
31	-28.9062
31	-28.9062
31	-28.9062
31	-28.9062
31	-28.9062
31	-28.9062
31	-28.9062
31	-28.8184
31	-28.8184
31	-28.8184
31	-28.8184
31	-28.8184
31	-28.8184
31	-28.8184
31	-28.8184
31	-28.8184
31	-28.8184
31	-28.8184
31	-28.8184
31	-28.8184
31	-28.8184
31	-28.8184
31	-28.8184
31	-28.8184
31	-28.8184
31	-28.8184
31	-28.8184
31	-28.8184
31	-28.8184
31	-28.8184
31	-28.8184
31	-28.7305
31	-28.7305
31	-28.7305
31	-28.7305
31	-28.7305
31	-28.7305
31	-28.7305
31	-28.7305
31	-28.7305
31	-28.7305
31	-28.7305
31	-28.7305
31	-28.7305
31	-28.7305
31	-28.7305
31	-28.7305
31	-28.7305
31	-28.7305
31	-28.7305
31	-28.6426
31	-28.6426
31	-28.6426
31	-28.6426
31	-28.6426
31	-28.6426
31	-28.6426
31	-28.6426
31	-28.6426
31	-28.6426
31	-28.6426
31	-28.6426
31	-28.6426
31	-28.6426
31	-28.6426
31	-28.6426
31	-28.6426
31	-28.5547
31	-28.5547
31	-28.5547
31	-28.5547
31	-28.5547
31	-28.5547
31	-28.5547
31	-28.5547
31	-28.5547
31	-28.5547
31	-28.5547
31	-28.5547
31	-28.5547
31	-28.5547
31	-28.5547
31	-28.4668
31	-28.4668
31	-28.4668
31	-28.4668
31	-28.4668
31	-28.4668
31	-28.4668
31	-28.4668
31	-28.4668
31	-28.4668
31	-28.4668
31	-28.4668
31	-28.4668
31	-28.4668
31	-28.4668
31	-28.4668
31	-28.3789
31	-28.3789
31	-28.3789
31	-28.3789
31	-28.3789
31	-28.3789
31	-28.3789
31	-28.3789
31	-28.3789
31	-28.3789
31	-28.3789
32	-28.3789
32	-28.3789
32	-28.3789
32	-28.291
32	-28.291
32	-28.291
32	-28.291
32	-28.291
32	-28.291
32	-28.291
32	-28.291
32	-28.291
32	-28.291
