Simulation Time - Reference	
	Elevation (deg) - Reference
	
0	-27.5
0	-27.5
0	-27.5
0	-27.5
0	-27.5
0	-27.5
0	-27.5
0	-27.5
0	-27.5
0	-27.5
0	-27.5
0	-27.5
0	-27.5
0	-27.5
0	-27.5
0	-27.5
0	-27.5
0	-27.5
0	-27.5
0	-27.5
0	-27.5
0	-27.5
0	-27.5
0	-27.5
0	-27.5
0	-27.5
0	-27.5
0	-27.5
0	-27.5
0	-27.5
0	-27.5
0	-27.5
0	-27.5
0	-27.5
0	-27.5
0	-27.5
0	-27.5
0	-27.5
0	-27.5
0	-27.5
0	-27.5
0	-27.5
0	-27.5
0	-27.5
0	-27.5
0	-27.5
0	-27.5
0	-27.5
0	-27.5
0	-27.5
0	-27.5
0	-27.5
0	-27.5
0	-27.5
0	-27.5
0	-27.5
0	-27.4121
0	-27.4121
0	-27.4121
0	-27.4121
0	-27.4121
0	-27.4121
0	-27.4121
0	-27.4121
0	-27.4121
0	-27.4121
0	-27.4121
0	-27.4121
0	-27.4121
0	-27.4121
0	-27.4121
0	-27.4121
0	-27.4121
0	-27.4121
0	-27.4121
0	-27.4121
0	-27.4121
0	-27.4121
0	-27.4121
0	-27.4121
0	-27.4121
0	-27.4121
0	-27.4121
0	-27.4121
0	-27.4121
0	-27.4121
0	-27.4121
0	-27.4121
0	-27.4121
0	-27.4121
0	-27.4121
0	-27.4121
0	-27.4121
0	-27.4121
0	-27.4121
0	-27.4121
0	-27.4121
0	-27.4121
0	-27.4121
0	-27.4121
0	-27.4121
1	-27.4121
1	-27.4121
1	-27.4121
1	-27.4121
1	-27.4121
1	-27.4121
1	-27.4121
1	-27.4121
1	-27.4121
1	-27.4121
1	-27.4121
1	-27.4121
1	-27.4121
1	-27.4121
1	-27.4121
1	-27.4121
1	-27.4121
1	-27.4121
1	-27.4121
1	-27.4121
1	-27.4121
1	-27.4121
1	-27.4121
1	-27.4121
1	-27.4121
1	-27.4121
1	-27.4121
1	-27.4121
1	-27.4121
1	-27.4121
1	-27.4121
1	-27.4121
1	-27.4121
1	-27.4121
1	-27.4121
1	-27.4121
1	-27.4121
1	-27.4121
1	-27.4121
1	-27.4121
1	-27.4121
1	-27.4121
1	-27.4121
1	-27.4121
1	-27.4121
1	-27.4121
1	-27.4121
1	-27.4121
1	-27.4121
1	-27.4121
1	-27.4121
1	-27.4121
1	-27.4121
1	-27.4121
1	-27.4121
1	-27.4121
1	-27.4121
1	-27.4121
1	-27.3242
1	-27.3242
1	-27.3242
1	-27.3242
1	-27.3242
1	-27.3242
1	-27.3242
1	-27.3242
1	-27.3242
1	-27.3242
1	-27.3242
1	-27.3242
1	-27.3242
1	-27.3242
1	-27.3242
1	-27.3242
1	-27.3242
1	-27.3242
1	-27.3242
1	-27.3242
1	-27.3242
1	-27.3242
1	-27.3242
1	-27.3242
1	-27.3242
1	-27.3242
1	-27.3242
1	-27.3242
1	-27.3242
1	-27.3242
1	-27.3242
1	-27.3242
1	-27.3242
1	-27.3242
1	-27.3242
1	-27.3242
1	-27.3242
1	-27.3242
1	-27.3242
1	-27.3242
1	-27.3242
1	-27.3242
1	-27.3242
1	-27.3242
1	-27.3242
1	-27.3242
1	-27.3242
1	-27.3242
1	-27.3242
1	-27.3242
1	-27.3242
1	-27.3242
1	-27.3242
1	-27.3242
1	-27.3242
1	-27.3242
1	-27.3242
1	-27.3242
1	-27.3242
1	-27.3242
1	-27.3242
1	-27.3242
1	-27.3242
1	-27.3242
1	-27.3242
1	-27.3242
1	-27.3242
1	-27.3242
1	-27.3242
1	-27.3242
1	-27.3242
1	-27.3242
1	-27.3242
1	-27.3242
1	-27.3242
1	-27.3242
1	-27.3242
1	-27.3242
1	-27.3242
1	-27.3242
1	-27.3242
1	-27.3242
1	-27.3242
1	-27.3242
1	-27.3242
1	-27.3242
1	-27.3242
1	-27.3242
1	-27.3242
1	-27.3242
1	-27.3242
1	-27.3242
1	-27.3242
1	-27.3242
1	-27.3242
1	-27.3242
1	-27.3242
1	-27.3242
1	-27.2363
1	-27.2363
1	-27.2363
1	-27.2363
1	-27.2363
1	-27.2363
1	-27.2363
1	-27.2363
1	-27.2363
1	-27.2363
1	-27.2363
1	-27.1484
1	-27.1484
1	-27.1484
1	-27.1484
1	-27.1484
1	-27.1484
1	-27.1484
1	-27.1484
1	-27.1484
1	-27.0605
1	-27.0605
1	-27.0605
1	-27.0605
1	-27.0605
1	-27.0605
1	-27.0605
1	-27.0605
1	-26.9727
1	-26.9727
1	-26.9727
1	-26.9727
1	-26.9727
1	-26.9727
1	-26.9727
1	-26.8848
1	-26.8848
1	-26.8848
1	-26.8848
1	-26.8848
1	-26.8848
1	-26.8848
1	-26.8848
2	-26.8848
2	-26.7969
2	-26.7969
2	-26.7969
2	-26.7969
2	-26.7969
2	-26.7969
2	-26.7969
2	-26.7969
2	-26.7969
2	-26.709
2	-26.709
2	-26.709
2	-26.709
2	-26.709
2	-26.709
2	-26.709
2	-26.6211
2	-26.6211
2	-26.6211
2	-26.6211
2	-26.6211
2	-26.6211
2	-26.6211
2	-26.6211
2	-26.5332
2	-26.5332
2	-26.5332
2	-26.5332
2	-26.5332
2	-26.5332
2	-26.4453
2	-26.4453
2	-26.4453
2	-26.4453
2	-26.4453
2	-26.4453
2	-26.4453
2	-26.3574
2	-26.3574
2	-26.3574
2	-26.3574
2	-26.3574
2	-26.3574
2	-26.3574
2	-26.3574
2	-26.3574
2	-26.3574
2	-26.2695
2	-26.2695
2	-26.2695
2	-26.2695
2	-26.2695
2	-26.2695
2	-26.2695
2	-26.2695
2	-26.2695
2	-26.2695
2	-26.1816
2	-26.1816
2	-26.1816
2	-26.1816
2	-26.1816
2	-26.1816
2	-26.1816
2	-26.1816
2	-26.1816
2	-26.0937
2	-26.0937
2	-26.0937
2	-26.0937
2	-26.0937
2	-26.0937
2	-26.0937
2	-26.0937
2	-26.0937
2	-26.0059
2	-26.0059
2	-26.0059
2	-26.0059
2	-26.0059
2	-26.0059
2	-26.0059
2	-26.0059
2	-26.0059
2	-25.918
2	-25.918
2	-25.918
2	-25.918
2	-25.918
2	-25.918
2	-25.918
2	-25.918
2	-25.918
2	-25.918
2	-25.918
2	-25.918
2	-25.8301
2	-25.8301
2	-25.8301
2	-25.8301
2	-25.8301
2	-25.8301
2	-25.8301
2	-25.8301
2	-25.8301
2	-25.8301
2	-25.8301
2	-25.8301
2	-25.8301
2	-25.7422
2	-25.7422
2	-25.7422
2	-25.7422
2	-25.7422
2	-25.7422
2	-25.7422
2	-25.7422
2	-25.7422
2	-25.7422
2	-25.7422
2	-25.7422
2	-25.7422
2	-25.7422
2	-25.6543
2	-25.6543
2	-25.6543
2	-25.6543
2	-25.6543
2	-25.6543
2	-25.6543
2	-25.6543
2	-25.6543
2	-25.6543
2	-25.6543
2	-25.6543
2	-25.6543
2	-25.6543
2	-25.6543
2	-25.5664
2	-25.5664
2	-25.5664
2	-25.5664
2	-25.5664
2	-25.5664
2	-25.5664
2	-25.5664
2	-25.5664
2	-25.5664
2	-25.5664
2	-25.5664
2	-25.5664
2	-25.5664
2	-25.5664
2	-25.5664
2	-25.5664
2	-25.5664
2	-25.5664
2	-25.5664
2	-25.5664
2	-25.5664
2	-25.5664
2	-25.5664
2	-25.5664
2	-25.5664
2	-25.5664
2	-25.5664
2	-25.4785
2	-25.4785
2	-25.4785
2	-25.4785
2	-25.4785
2	-25.4785
2	-25.4785
2	-25.4785
2	-25.4785
2	-25.4785
2	-25.4785
2	-25.4785
2	-25.4785
2	-25.4785
2	-25.4785
2	-25.4785
2	-25.4785
2	-25.4785
2	-25.4785
2	-25.4785
2	-25.4785
2	-25.4785
2	-25.4785
2	-25.4785
2	-25.4785
2	-25.4785
2	-25.4785
2	-25.4785
2	-25.4785
2	-25.4785
2	-25.4785
2	-25.4785
2	-25.4785
2	-25.4785
3	-25.4785
3	-25.4785
3	-25.4785
3	-25.4785
3	-25.4785
3	-25.4785
3	-25.4785
3	-25.4785
3	-25.4785
3	-25.4785
3	-25.4785
3	-25.4785
3	-25.4785
3	-25.4785
3	-25.4785
3	-25.4785
3	-25.4785
3	-25.4785
3	-25.4785
3	-25.4785
3	-25.4785
3	-25.4785
3	-25.4785
3	-25.4785
3	-25.4785
3	-25.4785
3	-25.4785
3	-25.4785
3	-25.4785
3	-25.4785
3	-25.5664
3	-25.5664
3	-25.5664
3	-25.5664
3	-25.5664
3	-25.5664
3	-25.5664
3	-25.5664
3	-25.5664
3	-25.5664
3	-25.5664
3	-25.5664
3	-25.5664
3	-25.5664
3	-25.5664
3	-25.5664
3	-25.5664
3	-25.5664
3	-25.5664
3	-25.5664
3	-25.5664
3	-25.5664
3	-25.5664
3	-25.5664
3	-25.6543
3	-25.6543
3	-25.6543
3	-25.6543
3	-25.6543
3	-25.6543
3	-25.6543
3	-25.6543
3	-25.6543
3	-25.6543
3	-25.6543
3	-25.6543
3	-25.6543
3	-25.6543
3	-25.6543
3	-25.7422
3	-25.7422
3	-25.7422
3	-25.7422
3	-25.7422
3	-25.7422
3	-25.7422
3	-25.7422
3	-25.7422
3	-25.7422
3	-25.7422
3	-25.7422
3	-25.7422
3	-25.8301
3	-25.8301
3	-25.8301
3	-25.8301
3	-25.8301
3	-25.8301
3	-25.8301
3	-25.8301
3	-25.8301
3	-25.8301
3	-25.8301
3	-25.918
3	-25.918
3	-25.918
3	-25.918
3	-25.918
3	-25.918
3	-25.918
3	-25.918
3	-25.918
3	-25.918
3	-25.918
3	-26.0059
3	-26.0059
3	-26.0059
3	-26.0059
3	-26.0059
3	-26.0059
3	-26.0059
3	-26.0059
3	-26.0059
3	-26.0059
3	-26.0937
3	-26.0937
3	-26.0937
3	-26.0937
3	-26.0937
3	-26.0937
3	-26.0937
3	-26.0937
3	-26.0937
3	-26.1816
3	-26.1816
3	-26.1816
3	-26.1816
3	-26.1816
3	-26.1816
3	-26.1816
3	-26.2695
3	-26.2695
3	-26.2695
3	-26.2695
3	-26.2695
3	-26.2695
3	-26.2695
3	-26.2695
3	-26.2695
3	-26.2695
3	-26.3574
3	-26.3574
3	-26.3574
3	-26.3574
3	-26.3574
3	-26.3574
3	-26.3574
3	-26.3574
3	-26.4453
3	-26.4453
3	-26.4453
3	-26.4453
3	-26.4453
3	-26.4453
3	-26.4453
3	-26.4453
3	-26.5332
3	-26.5332
3	-26.5332
3	-26.5332
3	-26.5332
3	-26.5332
3	-26.6211
3	-26.6211
3	-26.6211
3	-26.6211
3	-26.6211
3	-26.6211
3	-26.6211
3	-26.709
3	-26.709
3	-26.709
3	-26.709
3	-26.709
3	-26.709
3	-26.709
3	-26.709
3	-26.7969
3	-26.7969
3	-26.7969
3	-26.7969
3	-26.7969
3	-26.7969
3	-26.7969
3	-26.7969
3	-26.8848
3	-26.8848
3	-26.8848
3	-26.8848
3	-26.8848
3	-26.8848
3	-26.9727
3	-26.9727
3	-26.9727
3	-26.9727
3	-26.9727
3	-26.9727
3	-26.9727
3	-27.0605
4	-27.0605
4	-27.0605
4	-27.0605
4	-27.0605
4	-27.0605
4	-27.0605
4	-27.1484
4	-27.1484
4	-27.1484
4	-27.1484
4	-27.1484
4	-27.1484
4	-27.2363
4	-27.2363
4	-27.2363
4	-27.2363
4	-27.2363
4	-27.2363
4	-27.3242
4	-27.3242
4	-27.3242
4	-27.3242
4	-27.3242
4	-27.3242
4	-27.3242
4	-27.4121
4	-27.4121
4	-27.4121
4	-27.4121
4	-27.4121
4	-27.4121
4	-27.4121
4	-27.5
4	-27.5
4	-27.5
4	-27.5
4	-27.5
4	-27.5
4	-27.5
4	-27.5879
4	-27.5879
4	-27.5879
4	-27.5879
4	-27.5879
4	-27.5879
4	-27.5879
4	-27.6758
4	-27.6758
4	-27.6758
4	-27.6758
4	-27.6758
4	-27.6758
4	-27.6758
4	-27.6758
4	-27.6758
4	-27.7637
4	-27.7637
4	-27.7637
4	-27.7637
4	-27.7637
4	-27.7637
4	-27.7637
4	-27.7637
4	-27.8516
4	-27.8516
4	-27.8516
4	-27.8516
4	-27.8516
4	-27.8516
4	-27.8516
4	-27.8516
4	-27.8516
4	-27.8516
4	-27.9395
4	-27.9395
4	-27.9395
4	-27.9395
4	-27.9395
4	-27.9395
4	-27.9395
4	-27.9395
4	-27.9395
4	-28.0273
4	-28.0273
4	-28.0273
4	-28.0273
4	-28.0273
4	-28.0273
4	-28.0273
4	-28.0273
4	-28.0273
4	-28.0273
4	-28.0273
4	-28.0273
4	-28.0273
4	-28.0273
4	-28.0273
4	-28.0273
4	-28.1152
4	-28.1152
4	-28.1152
4	-28.1152
4	-28.1152
4	-28.1152
4	-28.1152
4	-28.1152
4	-28.1152
4	-28.1152
4	-28.1152
4	-28.1152
4	-28.1152
4	-28.1152
4	-28.1152
4	-28.1152
4	-28.1152
4	-28.1152
4	-28.1152
4	-28.1152
4	-28.1152
4	-28.1152
4	-28.1152
4	-28.1152
4	-28.1152
4	-28.1152
4	-28.1152
4	-28.1152
4	-28.1152
4	-28.1152
4	-28.1152
4	-28.2031
4	-28.2031
4	-28.2031
4	-28.2031
4	-28.2031
4	-28.2031
4	-28.2031
4	-28.2031
4	-28.2031
4	-28.2031
4	-28.2031
4	-28.2031
4	-28.2031
4	-28.2031
4	-28.2031
4	-28.2031
4	-28.2031
4	-28.2031
4	-28.2031
4	-28.2031
4	-28.2031
4	-28.2031
4	-28.1152
4	-28.1152
4	-28.1152
4	-28.1152
4	-28.1152
4	-28.1152
4	-28.1152
4	-28.1152
4	-28.1152
4	-28.1152
4	-28.1152
4	-28.1152
4	-28.1152
4	-28.1152
4	-28.1152
4	-28.1152
4	-28.1152
4	-28.1152
4	-28.1152
4	-28.1152
4	-28.1152
4	-28.1152
4	-28.1152
4	-28.1152
4	-28.1152
4	-28.1152
4	-28.1152
4	-28.1152
4	-28.1152
4	-28.1152
4	-28.0273
4	-28.0273
4	-28.0273
4	-28.0273
4	-28.0273
4	-28.0273
4	-28.0273
4	-28.0273
4	-28.0273
4	-28.0273
4	-28.0273
4	-28.0273
4	-28.0273
4	-28.0273
4	-28.0273
4	-28.0273
4	-28.0273
4	-28.0273
4	-27.9395
4	-27.9395
5	-27.9395
5	-27.9395
5	-27.9395
5	-27.9395
5	-27.9395
5	-27.9395
5	-27.9395
5	-27.9395
5	-27.9395
5	-27.9395
5	-27.8516
5	-27.8516
5	-27.8516
5	-27.8516
5	-27.8516
5	-27.8516
5	-27.8516
5	-27.8516
5	-27.8516
5	-27.8516
5	-27.8516
5	-27.8516
5	-27.8516
5	-27.7637
5	-27.7637
5	-27.7637
5	-27.7637
5	-27.7637
5	-27.7637
5	-27.7637
5	-27.7637
5	-27.7637
5	-27.7637
5	-27.7637
5	-27.7637
5	-27.6758
5	-27.6758
5	-27.6758
5	-27.6758
5	-27.6758
5	-27.6758
5	-27.6758
5	-27.6758
5	-27.6758
5	-27.6758
5	-27.5879
5	-27.5879
5	-27.5879
5	-27.5879
5	-27.5879
5	-27.5879
5	-27.5879
5	-27.5879
5	-27.5879
5	-27.5879
5	-27.5
5	-27.5
5	-27.5
5	-27.5
5	-27.5
5	-27.5
5	-27.5
5	-27.5
5	-27.5
5	-27.5
5	-27.4121
5	-27.4121
5	-27.4121
5	-27.4121
5	-27.4121
5	-27.4121
5	-27.4121
5	-27.4121
5	-27.4121
5	-27.4121
5	-27.3242
5	-27.3242
5	-27.3242
5	-27.3242
5	-27.3242
5	-27.3242
5	-27.3242
5	-27.3242
5	-27.3242
5	-27.3242
5	-27.3242
5	-27.2363
5	-27.2363
5	-27.2363
5	-27.2363
5	-27.2363
5	-27.2363
5	-27.2363
5	-27.2363
5	-27.2363
5	-27.2363
5	-27.1484
5	-27.1484
5	-27.1484
5	-27.1484
5	-27.1484
5	-27.1484
5	-27.1484
5	-27.1484
5	-27.1484
5	-27.1484
5	-27.1484
5	-27.0605
5	-27.0605
5	-27.0605
5	-27.0605
5	-27.0605
5	-27.0605
5	-27.0605
5	-27.0605
5	-27.0605
5	-27.0605
5	-27.0605
5	-27.0605
5	-26.9727
5	-26.9727
5	-26.9727
5	-26.9727
5	-26.9727
5	-26.9727
5	-26.9727
5	-26.9727
5	-26.9727
5	-26.9727
5	-26.9727
5	-26.9727
5	-26.8848
5	-26.8848
5	-26.8848
5	-26.8848
5	-26.8848
5	-26.8848
5	-26.8848
5	-26.8848
5	-26.8848
5	-26.8848
5	-26.8848
5	-26.7969
5	-26.7969
5	-26.7969
5	-26.7969
5	-26.7969
5	-26.7969
5	-26.7969
5	-26.7969
5	-26.7969
5	-26.7969
5	-26.7969
5	-26.7969
5	-26.7969
5	-26.7969
5	-26.709
5	-26.709
5	-26.709
5	-26.709
5	-26.709
5	-26.709
5	-26.709
5	-26.709
5	-26.709
5	-26.709
5	-26.709
5	-26.709
5	-26.709
5	-26.709
5	-26.709
5	-26.6211
5	-26.6211
5	-26.6211
5	-26.6211
5	-26.6211
5	-26.6211
5	-26.6211
5	-26.6211
5	-26.6211
5	-26.6211
5	-26.6211
5	-26.6211
5	-26.6211
5	-26.6211
5	-26.6211
5	-26.6211
5	-26.6211
5	-26.5332
5	-26.5332
5	-26.5332
5	-26.5332
5	-26.5332
5	-26.5332
5	-26.5332
5	-26.5332
5	-26.5332
5	-26.5332
5	-26.5332
6	-26.5332
6	-26.5332
6	-26.5332
6	-26.5332
6	-26.5332
6	-26.4453
6	-26.4453
6	-26.4453
6	-26.4453
6	-26.4453
6	-26.4453
6	-26.4453
6	-26.4453
6	-26.4453
6	-26.4453
6	-26.4453
6	-26.4453
6	-26.4453
6	-26.4453
6	-26.4453
6	-26.4453
6	-26.4453
6	-26.4453
6	-26.4453
6	-26.4453
6	-26.4453
6	-26.4453
6	-26.4453
6	-26.4453
6	-26.3574
6	-26.3574
6	-26.3574
6	-26.3574
6	-26.3574
6	-26.3574
6	-26.3574
6	-26.3574
6	-26.3574
6	-26.3574
6	-26.3574
6	-26.3574
6	-26.3574
6	-26.3574
6	-26.3574
6	-26.3574
6	-26.3574
6	-26.3574
6	-26.3574
6	-26.3574
6	-26.3574
6	-26.3574
6	-26.3574
6	-26.3574
6	-26.3574
6	-26.3574
6	-26.3574
6	-26.3574
6	-26.3574
6	-26.3574
6	-26.3574
6	-26.3574
6	-26.3574
6	-26.3574
6	-26.3574
6	-26.3574
6	-26.3574
6	-26.3574
6	-26.3574
6	-26.3574
6	-26.3574
6	-26.3574
6	-26.3574
6	-26.3574
6	-26.3574
6	-26.3574
6	-26.3574
6	-26.3574
6	-26.3574
6	-26.3574
6	-26.3574
6	-26.3574
6	-26.3574
6	-26.3574
6	-26.3574
6	-26.3574
6	-26.3574
6	-26.3574
6	-26.3574
6	-26.3574
6	-26.3574
6	-26.3574
6	-26.3574
6	-26.3574
6	-26.3574
6	-26.3574
6	-26.3574
6	-26.3574
6	-26.3574
6	-26.3574
6	-26.3574
6	-26.3574
6	-26.3574
6	-26.3574
6	-26.3574
6	-26.3574
6	-26.3574
6	-26.3574
6	-26.3574
6	-26.3574
6	-26.3574
6	-26.3574
6	-26.3574
6	-26.3574
6	-26.3574
6	-26.3574
6	-26.3574
6	-26.3574
6	-26.3574
6	-26.3574
6	-26.3574
6	-26.3574
6	-26.3574
6	-26.3574
6	-26.3574
6	-26.3574
6	-26.3574
6	-26.3574
6	-26.3574
6	-26.3574
6	-26.3574
6	-26.3574
6	-26.3574
6	-26.3574
6	-26.3574
6	-26.3574
6	-26.3574
6	-26.3574
6	-26.3574
6	-26.3574
6	-26.3574
6	-26.3574
6	-26.3574
6	-26.3574
6	-26.3574
6	-26.3574
6	-26.3574
6	-26.3574
6	-26.3574
6	-26.3574
6	-26.4453
6	-26.4453
6	-26.4453
6	-26.4453
6	-26.4453
6	-26.4453
6	-26.4453
6	-26.4453
6	-26.4453
6	-26.4453
6	-26.4453
6	-26.4453
6	-26.4453
6	-26.4453
6	-26.4453
6	-26.4453
6	-26.4453
6	-26.4453
6	-26.4453
6	-26.4453
6	-26.4453
6	-26.4453
6	-26.4453
6	-26.4453
6	-26.5332
6	-26.5332
6	-26.5332
6	-26.5332
6	-26.5332
6	-26.5332
6	-26.5332
6	-26.5332
6	-26.5332
6	-26.5332
6	-26.5332
6	-26.5332
6	-26.5332
6	-26.5332
6	-26.5332
6	-26.6211
6	-26.6211
6	-26.6211
6	-26.6211
6	-26.6211
6	-26.6211
6	-26.6211
6	-26.6211
6	-26.6211
6	-26.6211
6	-26.6211
6	-26.6211
6	-26.6211
7	-26.6211
7	-26.6211
7	-26.6211
7	-26.6211
7	-26.6211
7	-26.709
7	-26.709
7	-26.709
7	-26.709
7	-26.709
7	-26.709
7	-26.709
7	-26.709
7	-26.709
7	-26.709
7	-26.709
7	-26.709
7	-26.709
7	-26.709
7	-26.709
7	-26.7969
7	-26.7969
7	-26.7969
7	-26.7969
7	-26.7969
7	-26.7969
7	-26.7969
7	-26.7969
7	-26.7969
7	-26.7969
7	-26.7969
7	-26.7969
7	-26.7969
7	-26.7969
7	-26.8848
7	-26.8848
7	-26.8848
7	-26.8848
7	-26.8848
7	-26.8848
7	-26.8848
7	-26.8848
7	-26.8848
7	-26.8848
7	-26.9727
7	-26.9727
7	-26.9727
7	-26.9727
7	-26.9727
7	-26.9727
7	-26.9727
7	-26.9727
7	-26.9727
7	-26.9727
7	-26.9727
7	-26.9727
7	-26.9727
7	-27.0605
7	-27.0605
7	-27.0605
7	-27.0605
7	-27.0605
7	-27.0605
7	-27.0605
7	-27.0605
7	-27.0605
7	-27.0605
7	-27.0605
7	-27.1484
7	-27.1484
7	-27.1484
7	-27.1484
7	-27.1484
7	-27.1484
7	-27.1484
7	-27.1484
7	-27.1484
7	-27.1484
7	-27.1484
7	-27.1484
7	-27.2363
7	-27.2363
7	-27.2363
7	-27.2363
7	-27.2363
7	-27.2363
7	-27.2363
7	-27.2363
7	-27.2363
7	-27.2363
7	-27.3242
7	-27.3242
7	-27.3242
7	-27.3242
7	-27.3242
7	-27.3242
7	-27.3242
7	-27.3242
7	-27.3242
7	-27.3242
7	-27.4121
7	-27.4121
7	-27.4121
7	-27.4121
7	-27.4121
7	-27.4121
7	-27.4121
7	-27.4121
7	-27.4121
7	-27.4121
7	-27.4121
7	-27.5
7	-27.5
7	-27.5
7	-27.5
7	-27.5
7	-27.5
7	-27.5
7	-27.5
7	-27.5
7	-27.5
7	-27.5
7	-27.5879
7	-27.5879
7	-27.5879
7	-27.5879
7	-27.5879
7	-27.5879
7	-27.5879
7	-27.5879
7	-27.6758
7	-27.6758
7	-27.6758
7	-27.6758
7	-27.6758
7	-27.6758
7	-27.6758
7	-27.6758
7	-27.6758
7	-27.6758
7	-27.6758
7	-27.7637
7	-27.7637
7	-27.7637
7	-27.7637
7	-27.7637
7	-27.7637
7	-27.7637
7	-27.7637
7	-27.7637
7	-27.7637
7	-27.7637
7	-27.8516
7	-27.8516
7	-27.8516
7	-27.8516
7	-27.8516
7	-27.8516
7	-27.8516
7	-27.8516
7	-27.8516
7	-27.8516
7	-27.9395
7	-27.9395
7	-27.9395
7	-27.9395
7	-27.9395
7	-27.9395
7	-27.9395
7	-27.9395
7	-27.9395
7	-27.9395
7	-28.0273
7	-28.0273
7	-28.0273
7	-28.0273
7	-28.0273
7	-28.0273
7	-28.0273
7	-28.0273
7	-28.0273
7	-28.0273
7	-28.0273
7	-28.1152
7	-28.1152
7	-28.1152
7	-28.1152
7	-28.1152
7	-28.1152
7	-28.1152
7	-28.1152
7	-28.1152
7	-28.1152
7	-28.2031
7	-28.2031
7	-28.2031
7	-28.2031
7	-28.2031
7	-28.2031
8	-28.2031
8	-28.2031
8	-28.2031
8	-28.2031
8	-28.2031
8	-28.291
8	-28.291
8	-28.291
8	-28.291
8	-28.291
8	-28.291
8	-28.291
8	-28.291
8	-28.291
8	-28.291
8	-28.291
8	-28.3789
8	-28.3789
8	-28.3789
8	-28.3789
8	-28.3789
8	-28.3789
8	-28.3789
8	-28.3789
8	-28.3789
8	-28.3789
8	-28.3789
8	-28.4668
8	-28.4668
8	-28.4668
8	-28.4668
8	-28.4668
8	-28.4668
8	-28.4668
8	-28.4668
8	-28.4668
8	-28.4668
8	-28.4668
8	-28.4668
8	-28.4668
8	-28.5547
8	-28.5547
8	-28.5547
8	-28.5547
8	-28.5547
8	-28.5547
8	-28.5547
8	-28.5547
8	-28.5547
8	-28.5547
8	-28.5547
8	-28.5547
8	-28.6426
8	-28.6426
8	-28.6426
8	-28.6426
8	-28.6426
8	-28.6426
8	-28.6426
8	-28.6426
8	-28.6426
8	-28.6426
8	-28.6426
8	-28.6426
8	-28.7305
8	-28.7305
8	-28.7305
8	-28.7305
8	-28.7305
8	-28.7305
8	-28.7305
8	-28.7305
8	-28.7305
8	-28.7305
8	-28.7305
8	-28.7305
8	-28.7305
8	-28.7305
8	-28.8184
8	-28.8184
8	-28.8184
8	-28.8184
8	-28.8184
8	-28.8184
8	-28.8184
8	-28.8184
8	-28.8184
8	-28.8184
8	-28.8184
8	-28.8184
8	-28.8184
8	-28.8184
8	-28.8184
8	-28.8184
8	-28.8184
8	-28.9062
8	-28.9062
8	-28.9062
8	-28.9062
8	-28.9062
8	-28.9062
8	-28.9062
8	-28.9062
8	-28.9062
8	-28.9062
8	-28.9062
8	-28.9062
8	-28.9062
8	-28.9062
8	-28.9062
8	-28.9062
8	-28.9062
8	-28.9062
8	-28.9062
8	-28.9941
8	-28.9941
8	-28.9941
8	-28.9941
8	-28.9941
8	-28.9941
8	-28.9941
8	-28.9941
8	-28.9941
8	-28.9941
8	-28.9941
8	-28.9941
8	-28.9941
8	-28.9941
8	-28.9941
8	-28.9941
8	-28.9941
8	-28.9941
8	-28.9941
8	-29.082
8	-29.082
8	-29.082
8	-29.082
8	-29.082
8	-29.082
8	-29.082
8	-29.082
8	-29.082
8	-29.082
8	-29.082
8	-29.082
8	-29.082
8	-29.082
8	-29.082
8	-29.082
8	-29.082
8	-29.082
8	-29.082
8	-29.082
8	-29.082
8	-29.082
8	-29.082
8	-29.082
8	-29.082
8	-29.082
8	-29.082
8	-29.082
8	-29.082
8	-29.082
8	-29.082
8	-29.1699
8	-29.1699
8	-29.1699
8	-29.1699
8	-29.1699
8	-29.1699
8	-29.1699
8	-29.1699
8	-29.1699
8	-29.1699
8	-29.1699
8	-29.1699
8	-29.1699
8	-29.1699
8	-29.1699
8	-29.1699
8	-29.1699
8	-29.1699
8	-29.1699
8	-29.1699
8	-29.1699
8	-29.1699
8	-29.1699
8	-29.1699
8	-29.1699
8	-29.1699
8	-29.1699
8	-29.1699
8	-29.1699
8	-29.1699
8	-29.1699
8	-29.1699
8	-29.1699
8	-29.1699
8	-29.1699
8	-29.1699
8	-29.1699
9	-29.1699
9	-29.1699
9	-29.1699
9	-29.1699
9	-29.1699
9	-29.1699
9	-29.1699
9	-29.1699
9	-29.1699
9	-29.1699
9	-29.1699
9	-29.1699
9	-29.1699
9	-29.1699
9	-29.1699
9	-29.1699
9	-29.1699
9	-29.1699
9	-29.1699
9	-29.1699
9	-29.1699
9	-29.1699
9	-29.1699
9	-29.1699
9	-29.1699
9	-29.1699
9	-29.1699
9	-29.1699
9	-29.1699
9	-29.1699
9	-29.1699
9	-29.1699
9	-29.1699
9	-29.1699
9	-29.1699
9	-29.1699
9	-29.1699
9	-29.1699
9	-29.1699
9	-29.1699
9	-29.1699
9	-29.1699
9	-29.1699
9	-29.1699
9	-29.1699
9	-29.1699
9	-29.1699
9	-29.082
9	-29.082
9	-29.082
9	-29.082
9	-29.082
9	-29.082
9	-29.082
9	-29.082
9	-29.082
9	-29.082
9	-29.082
9	-29.082
9	-29.082
9	-29.082
9	-29.082
9	-29.082
9	-29.082
9	-29.082
9	-29.082
9	-29.082
9	-29.082
9	-29.082
9	-29.082
9	-29.082
9	-29.082
9	-29.082
9	-29.082
9	-29.082
9	-29.082
9	-29.082
9	-29.082
9	-28.9941
9	-28.9941
9	-28.9941
9	-28.9941
9	-28.9941
9	-28.9941
9	-28.9941
9	-28.9941
9	-28.9941
9	-28.9941
9	-28.9941
9	-28.9941
9	-28.9941
9	-28.9941
9	-28.9941
9	-28.9941
9	-28.9941
9	-28.9941
9	-28.9941
9	-28.9062
9	-28.9062
9	-28.9062
9	-28.9062
9	-28.9062
9	-28.9062
9	-28.9062
9	-28.9062
9	-28.9062
9	-28.9062
9	-28.9062
9	-28.9062
9	-28.9062
9	-28.9062
9	-28.9062
9	-28.9062
9	-28.9062
9	-28.9062
9	-28.8184
9	-28.8184
9	-28.8184
9	-28.8184
9	-28.8184
9	-28.8184
9	-28.8184
9	-28.8184
9	-28.8184
9	-28.8184
9	-28.8184
9	-28.8184
9	-28.8184
9	-28.8184
9	-28.8184
9	-28.8184
9	-28.8184
9	-28.7305
9	-28.7305
9	-28.7305
9	-28.7305
9	-28.7305
9	-28.7305
9	-28.7305
9	-28.7305
9	-28.7305
9	-28.7305
9	-28.7305
9	-28.7305
9	-28.7305
9	-28.7305
9	-28.7305
9	-28.6426
9	-28.6426
9	-28.6426
9	-28.6426
9	-28.6426
9	-28.6426
9	-28.6426
9	-28.6426
9	-28.6426
9	-28.6426
9	-28.6426
9	-28.6426
9	-28.5547
9	-28.5547
9	-28.5547
9	-28.5547
9	-28.5547
9	-28.5547
9	-28.5547
9	-28.5547
9	-28.5547
9	-28.5547
9	-28.5547
9	-28.5547
9	-28.5547
9	-28.4668
9	-28.4668
9	-28.4668
9	-28.4668
9	-28.4668
9	-28.4668
9	-28.4668
9	-28.4668
9	-28.4668
9	-28.4668
9	-28.4668
9	-28.4668
9	-28.4668
9	-28.3789
9	-28.3789
9	-28.3789
9	-28.3789
9	-28.3789
9	-28.3789
9	-28.3789
9	-28.3789
9	-28.3789
9	-28.3789
9	-28.3789
9	-28.3789
9	-28.291
9	-28.291
10	-28.291
10	-28.291
10	-28.291
10	-28.291
10	-28.291
10	-28.291
10	-28.291
10	-28.291
10	-28.291
10	-28.2031
10	-28.2031
10	-28.2031
10	-28.2031
10	-28.2031
10	-28.2031
10	-28.2031
10	-28.2031
10	-28.2031
10	-28.2031
10	-28.2031
10	-28.1152
10	-28.1152
10	-28.1152
10	-28.1152
10	-28.1152
10	-28.1152
10	-28.1152
10	-28.1152
10	-28.1152
10	-28.1152
10	-28.1152
10	-28.1152
10	-28.0273
10	-28.0273
10	-28.0273
10	-28.0273
10	-28.0273
10	-28.0273
10	-28.0273
10	-28.0273
10	-28.0273
10	-28.0273
10	-27.9395
10	-27.9395
10	-27.9395
10	-27.9395
10	-27.9395
10	-27.9395
10	-27.9395
10	-27.9395
10	-27.9395
10	-27.9395
10	-27.8516
10	-27.8516
10	-27.8516
10	-27.8516
10	-27.8516
10	-27.8516
10	-27.8516
10	-27.8516
10	-27.8516
10	-27.8516
10	-27.8516
10	-27.8516
10	-27.7637
10	-27.7637
10	-27.7637
10	-27.7637
10	-27.7637
10	-27.7637
10	-27.7637
10	-27.7637
10	-27.7637
10	-27.7637
10	-27.7637
10	-27.6758
10	-27.6758
10	-27.6758
10	-27.6758
10	-27.6758
10	-27.6758
10	-27.6758
10	-27.6758
10	-27.6758
10	-27.6758
10	-27.5879
10	-27.5879
10	-27.5879
10	-27.5879
10	-27.5879
10	-27.5879
10	-27.5879
10	-27.5879
10	-27.5879
10	-27.5879
10	-27.5879
10	-27.5
10	-27.5
10	-27.5
10	-27.5
10	-27.5
10	-27.5
10	-27.5
10	-27.5
10	-27.5
10	-27.5
10	-27.5
10	-27.4121
10	-27.4121
10	-27.4121
10	-27.4121
10	-27.4121
10	-27.4121
10	-27.4121
10	-27.4121
10	-27.4121
10	-27.4121
10	-27.4121
10	-27.4121
10	-27.4121
10	-27.3242
10	-27.3242
10	-27.3242
10	-27.3242
10	-27.3242
10	-27.3242
10	-27.3242
10	-27.3242
10	-27.3242
10	-27.3242
10	-27.3242
10	-27.3242
10	-27.2363
10	-27.2363
10	-27.2363
10	-27.2363
10	-27.2363
10	-27.2363
10	-27.2363
10	-27.2363
10	-27.2363
10	-27.2363
10	-27.1484
10	-27.1484
10	-27.1484
10	-27.1484
10	-27.1484
10	-27.1484
10	-27.1484
10	-27.1484
10	-27.1484
10	-27.1484
10	-27.1484
10	-27.1484
10	-27.1484
10	-27.1484
10	-27.0605
10	-27.0605
10	-27.0605
10	-27.0605
10	-27.0605
10	-27.0605
10	-27.0605
10	-27.0605
10	-27.0605
10	-27.0605
10	-27.0605
10	-27.0605
10	-27.0605
10	-27.0605
10	-27.0605
10	-26.9727
10	-26.9727
10	-26.9727
10	-26.9727
10	-26.9727
10	-26.9727
10	-26.9727
10	-26.9727
10	-26.9727
10	-26.9727
10	-26.9727
10	-26.9727
10	-26.9727
10	-26.9727
10	-26.9727
10	-26.8848
10	-26.8848
10	-26.8848
10	-26.8848
10	-26.8848
10	-26.8848
10	-26.8848
10	-26.8848
10	-26.8848
10	-26.8848
10	-26.8848
10	-26.8848
10	-26.8848
10	-26.8848
10	-26.8848
11	-26.7969
11	-26.7969
11	-26.7969
11	-26.7969
11	-26.7969
11	-26.7969
11	-26.7969
11	-26.7969
11	-26.7969
11	-26.7969
11	-26.7969
11	-26.7969
11	-26.7969
11	-26.7969
11	-26.7969
11	-26.7969
11	-26.7969
11	-26.7969
11	-26.7969
11	-26.7969
11	-26.7969
11	-26.7969
11	-26.709
11	-26.709
11	-26.709
11	-26.709
11	-26.709
11	-26.709
11	-26.709
11	-26.709
11	-26.709
11	-26.709
11	-26.709
11	-26.709
11	-26.709
11	-26.709
11	-26.709
11	-26.709
11	-26.709
11	-26.709
11	-26.709
11	-26.709
11	-26.709
11	-26.709
11	-26.709
11	-26.709
11	-26.709
11	-26.709
11	-26.6211
11	-26.6211
11	-26.6211
11	-26.6211
11	-26.6211
11	-26.6211
11	-26.6211
11	-26.6211
11	-26.6211
11	-26.6211
11	-26.6211
11	-26.6211
11	-26.6211
11	-26.6211
11	-26.6211
11	-26.6211
11	-26.6211
11	-26.6211
11	-26.6211
11	-26.6211
11	-26.6211
11	-26.6211
11	-26.6211
11	-26.6211
11	-26.6211
11	-26.6211
11	-26.6211
11	-26.6211
11	-26.6211
11	-26.6211
11	-26.6211
11	-26.6211
11	-26.6211
11	-26.6211
11	-26.6211
11	-26.6211
11	-26.6211
11	-26.6211
11	-26.6211
11	-26.6211
11	-26.6211
11	-26.6211
11	-26.6211
11	-26.6211
11	-26.6211
11	-26.5332
11	-26.5332
11	-26.5332
11	-26.5332
11	-26.5332
11	-26.5332
11	-26.5332
11	-26.5332
11	-26.5332
11	-26.5332
11	-26.5332
11	-26.5332
11	-26.5332
11	-26.5332
11	-26.5332
11	-26.5332
11	-26.5332
11	-26.5332
11	-26.5332
11	-26.5332
11	-26.5332
11	-26.5332
11	-26.5332
11	-26.5332
11	-26.5332
11	-26.5332
11	-26.5332
11	-26.5332
11	-26.5332
11	-26.5332
11	-26.5332
11	-26.5332
11	-26.5332
11	-26.5332
11	-26.5332
11	-26.5332
11	-26.5332
11	-26.5332
11	-26.5332
11	-26.5332
11	-26.5332
11	-26.5332
11	-26.5332
11	-26.5332
11	-26.5332
11	-26.5332
11	-26.6211
11	-26.6211
11	-26.6211
11	-26.6211
11	-26.6211
11	-26.6211
11	-26.6211
11	-26.6211
11	-26.6211
11	-26.6211
11	-26.6211
11	-26.6211
11	-26.6211
11	-26.6211
11	-26.6211
11	-26.6211
11	-26.6211
11	-26.6211
11	-26.6211
11	-26.6211
11	-26.6211
11	-26.6211
11	-26.6211
11	-26.6211
11	-26.6211
11	-26.6211
11	-26.6211
11	-26.6211
11	-26.6211
11	-26.6211
11	-26.6211
11	-26.6211
11	-26.6211
11	-26.6211
11	-26.6211
11	-26.6211
11	-26.6211
11	-26.6211
11	-26.6211
11	-26.6211
11	-26.6211
11	-26.6211
11	-26.6211
11	-26.709
11	-26.709
11	-26.709
11	-26.709
11	-26.709
11	-26.709
11	-26.709
11	-26.709
11	-26.709
11	-26.709
11	-26.709
11	-26.709
11	-26.709
11	-26.709
11	-26.709
11	-26.709
11	-26.709
12	-26.709
12	-26.709
12	-26.709
12	-26.709
12	-26.709
12	-26.709
12	-26.709
12	-26.709
12	-26.709
12	-26.7969
12	-26.7969
12	-26.7969
12	-26.7969
12	-26.7969
12	-26.7969
12	-26.7969
12	-26.7969
12	-26.7969
12	-26.7969
12	-26.7969
12	-26.7969
12	-26.7969
12	-26.7969
12	-26.7969
12	-26.7969
12	-26.7969
12	-26.7969
12	-26.7969
12	-26.7969
12	-26.8848
12	-26.8848
12	-26.8848
12	-26.8848
12	-26.8848
12	-26.8848
12	-26.8848
12	-26.8848
12	-26.8848
12	-26.8848
12	-26.8848
12	-26.8848
12	-26.8848
12	-26.8848
12	-26.8848
12	-26.9727
12	-26.9727
12	-26.9727
12	-26.9727
12	-26.9727
12	-26.9727
12	-26.9727
12	-26.9727
12	-26.9727
12	-26.9727
12	-26.9727
12	-26.9727
12	-26.9727
12	-26.9727
12	-26.9727
12	-26.9727
12	-27.0605
12	-27.0605
12	-27.0605
12	-27.0605
12	-27.0605
12	-27.0605
12	-27.0605
12	-27.0605
12	-27.0605
12	-27.0605
12	-27.0605
12	-27.0605
12	-27.0605
12	-27.0605
12	-27.0605
12	-27.1484
12	-27.1484
12	-27.1484
12	-27.1484
12	-27.1484
12	-27.1484
12	-27.1484
12	-27.1484
12	-27.1484
12	-27.1484
12	-27.1484
12	-27.1484
12	-27.1484
12	-27.1484
12	-27.2363
12	-27.2363
12	-27.2363
12	-27.2363
12	-27.2363
12	-27.2363
12	-27.2363
12	-27.2363
12	-27.2363
12	-27.2363
12	-27.2363
12	-27.2363
12	-27.3242
12	-27.3242
12	-27.3242
12	-27.3242
12	-27.3242
12	-27.3242
12	-27.3242
12	-27.3242
12	-27.3242
12	-27.3242
12	-27.3242
12	-27.3242
12	-27.3242
12	-27.4121
12	-27.4121
12	-27.4121
12	-27.4121
12	-27.4121
12	-27.4121
12	-27.4121
12	-27.4121
12	-27.4121
12	-27.4121
12	-27.4121
12	-27.4121
12	-27.5
12	-27.5
12	-27.5
12	-27.5
12	-27.5
12	-27.5
12	-27.5
12	-27.5
12	-27.5
12	-27.5
12	-27.5
12	-27.5
12	-27.5
12	-27.5879
12	-27.5879
12	-27.5879
12	-27.5879
12	-27.5879
12	-27.5879
12	-27.5879
12	-27.5879
12	-27.5879
12	-27.5879
12	-27.5879
12	-27.6758
12	-27.6758
12	-27.6758
12	-27.6758
12	-27.6758
12	-27.6758
12	-27.6758
12	-27.6758
12	-27.6758
12	-27.6758
12	-27.6758
12	-27.6758
12	-27.7637
12	-27.7637
12	-27.7637
12	-27.7637
12	-27.7637
12	-27.7637
12	-27.7637
12	-27.7637
12	-27.7637
12	-27.7637
12	-27.7637
12	-27.7637
12	-27.7637
12	-27.8516
12	-27.8516
12	-27.8516
12	-27.8516
12	-27.8516
12	-27.8516
12	-27.8516
12	-27.8516
12	-27.8516
12	-27.8516
12	-27.8516
12	-27.8516
12	-27.9395
12	-27.9395
12	-27.9395
12	-27.9395
12	-27.9395
12	-27.9395
12	-27.9395
12	-27.9395
12	-27.9395
12	-27.9395
12	-28.0273
12	-28.0273
12	-28.0273
12	-28.0273
13	-28.0273
13	-28.0273
13	-28.0273
13	-28.0273
13	-28.0273
13	-28.0273
13	-28.0273
13	-28.0273
13	-28.0273
13	-28.1152
13	-28.1152
13	-28.1152
13	-28.1152
13	-28.1152
13	-28.1152
13	-28.1152
13	-28.1152
13	-28.1152
13	-28.1152
13	-28.1152
13	-28.1152
13	-28.1152
13	-28.2031
13	-28.2031
13	-28.2031
13	-28.2031
13	-28.2031
13	-28.2031
13	-28.2031
13	-28.2031
13	-28.2031
13	-28.2031
13	-28.2031
13	-28.2031
13	-28.2031
13	-28.291
13	-28.291
13	-28.291
13	-28.291
13	-28.291
13	-28.291
13	-28.291
13	-28.291
13	-28.291
13	-28.291
13	-28.291
13	-28.291
13	-28.3789
13	-28.3789
13	-28.3789
13	-28.3789
13	-28.3789
13	-28.3789
13	-28.3789
13	-28.3789
13	-28.3789
13	-28.3789
13	-28.3789
13	-28.3789
13	-28.3789
13	-28.3789
13	-28.4668
13	-28.4668
13	-28.4668
13	-28.4668
13	-28.4668
13	-28.4668
13	-28.4668
13	-28.4668
13	-28.4668
13	-28.4668
13	-28.4668
13	-28.4668
13	-28.4668
13	-28.4668
13	-28.4668
13	-28.4668
13	-28.5547
13	-28.5547
13	-28.5547
13	-28.5547
13	-28.5547
13	-28.5547
13	-28.5547
13	-28.5547
13	-28.5547
13	-28.5547
13	-28.5547
13	-28.5547
13	-28.5547
13	-28.5547
13	-28.5547
13	-28.5547
13	-28.6426
13	-28.6426
13	-28.6426
13	-28.6426
13	-28.6426
13	-28.6426
13	-28.6426
13	-28.6426
13	-28.6426
13	-28.6426
13	-28.6426
13	-28.6426
13	-28.6426
13	-28.6426
13	-28.6426
13	-28.6426
13	-28.7305
13	-28.7305
13	-28.7305
13	-28.7305
13	-28.7305
13	-28.7305
13	-28.7305
13	-28.7305
13	-28.7305
13	-28.7305
13	-28.7305
13	-28.7305
13	-28.7305
13	-28.7305
13	-28.7305
13	-28.7305
13	-28.7305
13	-28.7305
13	-28.7305
13	-28.7305
13	-28.7305
13	-28.8184
13	-28.8184
13	-28.8184
13	-28.8184
13	-28.8184
13	-28.8184
13	-28.8184
13	-28.8184
13	-28.8184
13	-28.8184
13	-28.8184
13	-28.8184
13	-28.8184
13	-28.8184
13	-28.8184
13	-28.8184
13	-28.8184
13	-28.8184
13	-28.8184
13	-28.8184
13	-28.8184
13	-28.8184
13	-28.8184
13	-28.8184
13	-28.8184
13	-28.8184
13	-28.8184
13	-28.8184
13	-28.8184
13	-28.9062
13	-28.9062
13	-28.9062
13	-28.9062
13	-28.9062
13	-28.9062
13	-28.9062
13	-28.9062
13	-28.9062
13	-28.9062
13	-28.9062
13	-28.9062
13	-28.9062
13	-28.9062
13	-28.9062
13	-28.9062
13	-28.9062
13	-28.9062
13	-28.9062
13	-28.9062
13	-28.9062
13	-28.9062
13	-28.9062
13	-28.9062
13	-28.9062
13	-28.9062
13	-28.9062
13	-28.9062
13	-28.9062
13	-28.9062
13	-28.9062
13	-28.9062
13	-28.9062
13	-28.9062
13	-28.9062
13	-28.9062
13	-28.9062
13	-28.9062
13	-28.9062
13	-28.9062
14	-28.9062
14	-28.9062
14	-28.9062
14	-28.9062
14	-28.9062
14	-28.9062
14	-28.9062
14	-28.9062
14	-28.9062
14	-28.9062
14	-28.9062
14	-28.9062
14	-28.9062
14	-28.9062
14	-28.9062
14	-28.9062
14	-28.9062
14	-28.9062
14	-28.9062
14	-28.9062
14	-28.9062
14	-28.9062
14	-28.9062
14	-28.9062
14	-28.9941
14	-28.9941
14	-28.9941
14	-28.9941
14	-28.9941
14	-28.9941
14	-28.9941
14	-28.9941
14	-28.9941
14	-28.9941
14	-28.9941
14	-28.9941
14	-28.9941
14	-28.9941
14	-28.9941
14	-28.9941
14	-28.9062
14	-28.9062
14	-28.9062
14	-28.9062
14	-28.9062
14	-28.9062
14	-28.9062
14	-28.9062
14	-28.9062
14	-28.9062
14	-28.9062
14	-28.9062
14	-28.9062
14	-28.9062
14	-28.9062
14	-28.9062
14	-28.9062
14	-28.9062
14	-28.9062
14	-28.9062
14	-28.9062
14	-28.9062
14	-28.9062
14	-28.9062
14	-28.9062
14	-28.9062
14	-28.9062
14	-28.9062
14	-28.9062
14	-28.9062
14	-28.9062
14	-28.9062
14	-28.9062
14	-28.9062
14	-28.9062
14	-28.9062
14	-28.9062
14	-28.9062
14	-28.9062
14	-28.9062
14	-28.9062
14	-28.9062
14	-28.9062
14	-28.9062
14	-28.9062
14	-28.9062
14	-28.9062
14	-28.9062
14	-28.9062
14	-28.9062
14	-28.9062
14	-28.9062
14	-28.9062
14	-28.9062
14	-28.8184
14	-28.8184
14	-28.8184
14	-28.8184
14	-28.8184
14	-28.8184
14	-28.8184
14	-28.8184
14	-28.8184
14	-28.8184
14	-28.8184
14	-28.8184
14	-28.8184
14	-28.8184
14	-28.8184
14	-28.8184
14	-28.8184
14	-28.8184
14	-28.8184
14	-28.8184
14	-28.8184
14	-28.8184
14	-28.8184
14	-28.8184
14	-28.8184
14	-28.8184
14	-28.7305
14	-28.7305
14	-28.7305
14	-28.7305
14	-28.7305
14	-28.7305
14	-28.7305
14	-28.7305
14	-28.7305
14	-28.7305
14	-28.7305
14	-28.7305
14	-28.7305
14	-28.7305
14	-28.7305
14	-28.7305
14	-28.7305
14	-28.7305
14	-28.7305
14	-28.7305
14	-28.7305
14	-28.7305
14	-28.6426
14	-28.6426
14	-28.6426
14	-28.6426
14	-28.6426
14	-28.6426
14	-28.6426
14	-28.6426
14	-28.6426
14	-28.6426
14	-28.6426
14	-28.6426
14	-28.6426
14	-28.6426
14	-28.6426
14	-28.5547
14	-28.5547
14	-28.5547
14	-28.5547
14	-28.5547
14	-28.5547
14	-28.5547
14	-28.5547
14	-28.5547
14	-28.5547
14	-28.5547
14	-28.5547
14	-28.5547
14	-28.5547
14	-28.5547
14	-28.5547
14	-28.5547
14	-28.4668
14	-28.4668
14	-28.4668
14	-28.4668
14	-28.4668
14	-28.4668
14	-28.4668
14	-28.4668
14	-28.4668
14	-28.4668
14	-28.4668
14	-28.4668
14	-28.4668
14	-28.4668
14	-28.4668
14	-28.4668
14	-28.4668
14	-28.3789
14	-28.3789
14	-28.3789
14	-28.3789
14	-28.3789
14	-28.3789
14	-28.3789
14	-28.3789
14	-28.3789
14	-28.3789
15	-28.3789
15	-28.3789
15	-28.3789
15	-28.3789
15	-28.291
15	-28.291
15	-28.291
15	-28.291
15	-28.291
15	-28.291
15	-28.291
15	-28.291
15	-28.291
15	-28.291
15	-28.291
15	-28.291
15	-28.291
15	-28.2031
15	-28.2031
15	-28.2031
15	-28.2031
15	-28.2031
15	-28.2031
15	-28.2031
15	-28.2031
15	-28.2031
15	-28.2031
15	-28.2031
15	-28.2031
15	-28.2031
15	-28.1152
15	-28.1152
15	-28.1152
15	-28.1152
15	-28.1152
15	-28.1152
15	-28.1152
15	-28.1152
15	-28.1152
15	-28.1152
15	-28.1152
15	-28.1152
15	-28.1152
15	-28.0273
15	-28.0273
15	-28.0273
15	-28.0273
15	-28.0273
15	-28.0273
15	-28.0273
15	-28.0273
15	-28.0273
15	-28.0273
15	-28.0273
15	-28.0273
15	-28.0273
15	-27.9395
15	-27.9395
15	-27.9395
15	-27.9395
15	-27.9395
15	-27.9395
15	-27.9395
15	-27.9395
15	-27.9395
15	-27.9395
15	-27.9395
15	-27.9395
15	-27.8516
15	-27.8516
15	-27.8516
15	-27.8516
15	-27.8516
15	-27.8516
15	-27.8516
15	-27.8516
15	-27.8516
15	-27.8516
15	-27.8516
15	-27.8516
15	-27.8516
15	-27.7637
15	-27.7637
15	-27.7637
15	-27.7637
15	-27.7637
15	-27.7637
15	-27.7637
15	-27.7637
15	-27.7637
15	-27.7637
15	-27.7637
15	-27.7637
15	-27.7637
15	-27.6758
15	-27.6758
15	-27.6758
15	-27.6758
15	-27.6758
15	-27.6758
15	-27.6758
15	-27.6758
15	-27.6758
15	-27.6758
15	-27.6758
15	-27.6758
15	-27.6758
15	-27.6758
15	-27.5879
15	-27.5879
15	-27.5879
15	-27.5879
15	-27.5879
15	-27.5879
15	-27.5879
15	-27.5879
15	-27.5879
15	-27.5879
15	-27.5
15	-27.5
15	-27.5
15	-27.5
15	-27.5
15	-27.5
15	-27.5
15	-27.5
15	-27.5
15	-27.5
15	-27.5
15	-27.5
15	-27.5
15	-27.5
15	-27.5
15	-27.4121
15	-27.4121
15	-27.4121
15	-27.4121
15	-27.4121
15	-27.4121
15	-27.4121
15	-27.4121
15	-27.4121
15	-27.4121
15	-27.4121
15	-27.4121
15	-27.4121
15	-27.4121
15	-27.3242
15	-27.3242
15	-27.3242
15	-27.3242
15	-27.3242
15	-27.3242
15	-27.3242
15	-27.3242
15	-27.3242
15	-27.3242
15	-27.3242
15	-27.3242
15	-27.3242
15	-27.2363
15	-27.2363
15	-27.2363
15	-27.2363
15	-27.2363
15	-27.2363
15	-27.2363
15	-27.2363
15	-27.2363
15	-27.2363
15	-27.2363
15	-27.2363
15	-27.2363
15	-27.1484
15	-27.1484
15	-27.1484
15	-27.1484
15	-27.1484
15	-27.1484
15	-27.1484
15	-27.1484
15	-27.1484
15	-27.1484
15	-27.1484
15	-27.1484
15	-27.1484
15	-27.1484
15	-27.1484
15	-27.1484
15	-27.0605
15	-27.0605
15	-27.0605
15	-27.0605
15	-27.0605
15	-27.0605
15	-27.0605
15	-27.0605
15	-27.0605
15	-27.0605
16	-27.0605
16	-27.0605
16	-27.0605
16	-27.0605
16	-27.0605
16	-27.0605
16	-27.0605
16	-27.0605
16	-26.9727
16	-26.9727
16	-26.9727
16	-26.9727
16	-26.9727
16	-26.9727
16	-26.9727
16	-26.9727
16	-26.9727
16	-26.9727
16	-26.9727
16	-26.9727
16	-26.9727
16	-26.9727
16	-26.9727
16	-26.9727
16	-26.9727
16	-26.9727
16	-26.9727
16	-26.8848
16	-26.8848
16	-26.8848
16	-26.8848
16	-26.8848
16	-26.8848
16	-26.8848
16	-26.8848
16	-26.8848
16	-26.8848
16	-26.8848
16	-26.8848
16	-26.8848
16	-26.8848
16	-26.8848
16	-26.8848
16	-26.8848
16	-26.8848
16	-26.8848
16	-26.7969
16	-26.7969
16	-26.7969
16	-26.7969
16	-26.7969
16	-26.7969
16	-26.7969
16	-26.7969
16	-26.7969
16	-26.7969
16	-26.7969
16	-26.7969
16	-26.7969
16	-26.7969
16	-26.7969
16	-26.7969
16	-26.7969
16	-26.7969
16	-26.7969
16	-26.7969
16	-26.7969
16	-26.7969
16	-26.7969
16	-26.7969
16	-26.7969
16	-26.7969
16	-26.709
16	-26.709
16	-26.709
16	-26.709
16	-26.709
16	-26.709
16	-26.709
16	-26.709
16	-26.709
16	-26.709
16	-26.709
16	-26.709
16	-26.709
16	-26.709
16	-26.709
16	-26.709
16	-26.709
16	-26.709
16	-26.709
16	-26.709
16	-26.709
16	-26.709
16	-26.709
16	-26.709
16	-26.709
16	-26.709
16	-26.709
16	-26.709
16	-26.709
16	-26.709
16	-26.709
16	-26.709
16	-26.709
16	-26.709
16	-26.709
16	-26.709
16	-26.709
16	-26.709
16	-26.709
16	-26.709
16	-26.709
16	-26.709
16	-26.709
16	-26.709
16	-26.709
16	-26.709
16	-26.709
16	-26.709
16	-26.709
16	-26.709
16	-26.709
16	-26.6211
16	-26.6211
16	-26.6211
16	-26.6211
16	-26.6211
16	-26.6211
16	-26.6211
16	-26.6211
16	-26.6211
16	-26.6211
16	-26.6211
16	-26.6211
16	-26.6211
16	-26.6211
16	-26.6211
16	-26.6211
16	-26.6211
16	-26.6211
16	-26.6211
16	-26.6211
16	-26.6211
16	-26.6211
16	-26.6211
16	-26.6211
16	-26.6211
16	-26.6211
16	-26.6211
16	-26.6211
16	-26.6211
16	-26.6211
16	-26.6211
16	-26.6211
16	-26.6211
16	-26.6211
16	-26.6211
16	-26.6211
16	-26.6211
16	-26.6211
16	-26.6211
16	-26.709
16	-26.709
16	-26.709
16	-26.709
16	-26.709
16	-26.709
16	-26.709
16	-26.709
16	-26.709
16	-26.709
16	-26.709
16	-26.709
16	-26.709
16	-26.709
16	-26.709
16	-26.709
16	-26.709
16	-26.709
16	-26.709
16	-26.709
16	-26.709
16	-26.709
16	-26.709
16	-26.709
16	-26.709
16	-26.709
16	-26.709
16	-26.709
16	-26.709
16	-26.709
16	-26.709
16	-26.709
16	-26.709
16	-26.709
16	-26.709
16	-26.709
16	-26.709
16	-26.709
16	-26.709
17	-26.709
17	-26.709
17	-26.709
17	-26.709
17	-26.709
17	-26.709
17	-26.709
17	-26.709
17	-26.709
17	-26.7969
17	-26.7969
17	-26.7969
17	-26.7969
17	-26.7969
17	-26.7969
17	-26.7969
17	-26.7969
17	-26.7969
17	-26.7969
17	-26.7969
17	-26.7969
17	-26.7969
17	-26.7969
17	-26.7969
17	-26.7969
17	-26.7969
17	-26.7969
17	-26.7969
17	-26.7969
17	-26.7969
17	-26.7969
17	-26.7969
17	-26.7969
17	-26.7969
17	-26.7969
17	-26.8848
17	-26.8848
17	-26.8848
17	-26.8848
17	-26.8848
17	-26.8848
17	-26.8848
17	-26.8848
17	-26.8848
17	-26.8848
17	-26.8848
17	-26.8848
17	-26.8848
17	-26.8848
17	-26.8848
17	-26.8848
17	-26.8848
17	-26.8848
17	-26.9727
17	-26.9727
17	-26.9727
17	-26.9727
17	-26.9727
17	-26.9727
17	-26.9727
17	-26.9727
17	-26.9727
17	-26.9727
17	-26.9727
17	-26.9727
17	-26.9727
17	-26.9727
17	-26.9727
17	-26.9727
17	-26.9727
17	-26.9727
17	-26.9727
17	-27.0605
17	-27.0605
17	-27.0605
17	-27.0605
17	-27.0605
17	-27.0605
17	-27.0605
17	-27.0605
17	-27.0605
17	-27.0605
17	-27.0605
17	-27.0605
17	-27.0605
17	-27.0605
17	-27.0605
17	-27.0605
17	-27.0605
17	-27.1484
17	-27.1484
17	-27.1484
17	-27.1484
17	-27.1484
17	-27.1484
17	-27.1484
17	-27.1484
17	-27.1484
17	-27.1484
17	-27.1484
17	-27.1484
17	-27.1484
17	-27.1484
17	-27.1484
17	-27.2363
17	-27.2363
17	-27.2363
17	-27.2363
17	-27.2363
17	-27.2363
17	-27.2363
17	-27.2363
17	-27.2363
17	-27.2363
17	-27.2363
17	-27.2363
17	-27.2363
17	-27.3242
17	-27.3242
17	-27.3242
17	-27.3242
17	-27.3242
17	-27.3242
17	-27.3242
17	-27.3242
17	-27.3242
17	-27.3242
17	-27.3242
17	-27.3242
17	-27.3242
17	-27.3242
17	-27.3242
17	-27.3242
17	-27.4121
17	-27.4121
17	-27.4121
17	-27.4121
17	-27.4121
17	-27.4121
17	-27.4121
17	-27.4121
17	-27.4121
17	-27.4121
17	-27.4121
17	-27.4121
17	-27.4121
17	-27.4121
17	-27.5
17	-27.5
17	-27.5
17	-27.5
17	-27.5
17	-27.5
17	-27.5
17	-27.5
17	-27.5
17	-27.5
17	-27.5
17	-27.5
17	-27.5
17	-27.5879
17	-27.5879
17	-27.5879
17	-27.5879
17	-27.5879
17	-27.5879
17	-27.5879
17	-27.5879
17	-27.5879
17	-27.5879
17	-27.5879
17	-27.5879
17	-27.6758
17	-27.6758
17	-27.6758
17	-27.6758
17	-27.6758
17	-27.6758
17	-27.6758
17	-27.6758
17	-27.6758
17	-27.6758
17	-27.6758
17	-27.6758
17	-27.6758
17	-27.6758
17	-27.6758
17	-27.6758
17	-27.7637
17	-27.7637
17	-27.7637
17	-27.7637
17	-27.7637
17	-27.7637
17	-27.7637
17	-27.7637
17	-27.7637
17	-27.7637
17	-27.7637
18	-27.7637
18	-27.7637
18	-27.8516
18	-27.8516
18	-27.8516
18	-27.8516
18	-27.8516
18	-27.8516
18	-27.8516
18	-27.8516
18	-27.8516
18	-27.8516
18	-27.8516
18	-27.8516
18	-27.8516
18	-27.8516
18	-27.9395
18	-27.9395
18	-27.9395
18	-27.9395
18	-27.9395
18	-27.9395
18	-27.9395
18	-27.9395
18	-27.9395
18	-27.9395
18	-27.9395
18	-27.9395
18	-28.0273
18	-28.0273
18	-28.0273
18	-28.0273
18	-28.0273
18	-28.0273
18	-28.0273
18	-28.0273
18	-28.0273
18	-28.0273
18	-28.0273
18	-28.0273
18	-28.0273
18	-28.0273
18	-28.0273
18	-28.1152
18	-28.1152
18	-28.1152
18	-28.1152
18	-28.1152
18	-28.1152
18	-28.1152
18	-28.1152
18	-28.1152
18	-28.1152
18	-28.1152
18	-28.1152
18	-28.1152
18	-28.1152
18	-28.1152
18	-28.2031
18	-28.2031
18	-28.2031
18	-28.2031
18	-28.2031
18	-28.2031
18	-28.2031
18	-28.2031
18	-28.2031
18	-28.2031
18	-28.2031
18	-28.2031
18	-28.2031
18	-28.2031
18	-28.2031
18	-28.2031
18	-28.291
18	-28.291
18	-28.291
18	-28.291
18	-28.291
18	-28.291
18	-28.291
18	-28.291
18	-28.291
18	-28.291
18	-28.291
18	-28.291
18	-28.291
18	-28.291
18	-28.291
18	-28.3789
18	-28.3789
18	-28.3789
18	-28.3789
18	-28.3789
18	-28.3789
18	-28.3789
18	-28.3789
18	-28.3789
18	-28.3789
18	-28.3789
18	-28.3789
18	-28.3789
18	-28.3789
18	-28.3789
18	-28.3789
18	-28.3789
18	-28.3789
18	-28.4668
18	-28.4668
18	-28.4668
18	-28.4668
18	-28.4668
18	-28.4668
18	-28.4668
18	-28.4668
18	-28.4668
18	-28.4668
18	-28.4668
18	-28.4668
18	-28.4668
18	-28.4668
18	-28.4668
18	-28.4668
18	-28.4668
18	-28.4668
18	-28.4668
18	-28.5547
18	-28.5547
18	-28.5547
18	-28.5547
18	-28.5547
18	-28.5547
18	-28.5547
18	-28.5547
18	-28.5547
18	-28.5547
18	-28.5547
18	-28.5547
18	-28.5547
18	-28.5547
18	-28.5547
18	-28.5547
18	-28.5547
18	-28.5547
18	-28.5547
18	-28.5547
18	-28.5547
18	-28.5547
18	-28.5547
18	-28.5547
18	-28.6426
18	-28.6426
18	-28.6426
18	-28.6426
18	-28.6426
18	-28.6426
18	-28.6426
18	-28.6426
18	-28.6426
18	-28.6426
18	-28.6426
18	-28.6426
18	-28.6426
18	-28.6426
18	-28.6426
18	-28.6426
18	-28.6426
18	-28.6426
18	-28.6426
18	-28.6426
18	-28.6426
18	-28.7305
18	-28.7305
18	-28.7305
18	-28.7305
18	-28.7305
18	-28.7305
18	-28.7305
18	-28.7305
18	-28.7305
18	-28.7305
18	-28.7305
18	-28.7305
18	-28.7305
18	-28.7305
18	-28.7305
18	-28.7305
18	-28.7305
18	-28.7305
18	-28.7305
18	-28.7305
18	-28.7305
18	-28.7305
18	-28.7305
18	-28.7305
18	-28.7305
18	-28.7305
18	-28.7305
18	-28.7305
18	-28.7305
18	-28.7305
19	-28.7305
19	-28.7305
19	-28.7305
19	-28.7305
19	-28.7305
19	-28.7305
19	-28.7305
19	-28.7305
19	-28.7305
19	-28.7305
19	-28.7305
19	-28.7305
19	-28.7305
19	-28.8184
19	-28.8184
19	-28.8184
19	-28.8184
19	-28.8184
19	-28.8184
19	-28.8184
19	-28.8184
19	-28.8184
19	-28.8184
19	-28.8184
19	-28.8184
19	-28.8184
19	-28.8184
19	-28.8184
19	-28.8184
19	-28.8184
19	-28.8184
19	-28.8184
19	-28.8184
19	-28.8184
19	-28.8184
19	-28.8184
19	-28.8184
19	-28.8184
19	-28.8184
19	-28.8184
19	-28.8184
19	-28.8184
19	-28.8184
19	-28.8184
19	-28.8184
19	-28.8184
19	-28.8184
19	-28.8184
19	-28.8184
19	-28.8184
19	-28.8184
19	-28.8184
19	-28.8184
19	-28.8184
19	-28.8184
19	-28.8184
19	-28.8184
19	-28.8184
19	-28.8184
19	-28.8184
19	-28.8184
19	-28.8184
19	-28.8184
19	-28.8184
19	-28.8184
19	-28.8184
19	-28.8184
19	-28.8184
19	-28.8184
19	-28.8184
19	-28.8184
19	-28.8184
19	-28.8184
19	-28.8184
19	-28.8184
19	-28.8184
19	-28.8184
19	-28.8184
19	-28.8184
19	-28.8184
19	-28.8184
19	-28.8184
19	-28.8184
19	-28.8184
19	-28.8184
19	-28.8184
19	-28.8184
19	-28.8184
19	-28.8184
19	-28.8184
19	-28.8184
19	-28.8184
19	-28.8184
19	-28.8184
19	-28.7305
19	-28.7305
19	-28.7305
19	-28.7305
19	-28.7305
19	-28.7305
19	-28.7305
19	-28.7305
19	-28.7305
19	-28.7305
19	-28.7305
19	-28.7305
19	-28.7305
19	-28.7305
19	-28.7305
19	-28.7305
19	-28.7305
19	-28.7305
19	-28.7305
19	-28.7305
19	-28.7305
19	-28.7305
19	-28.7305
19	-28.7305
19	-28.7305
19	-28.7305
19	-28.7305
19	-28.7305
19	-28.7305
19	-28.7305
19	-28.7305
19	-28.7305
19	-28.7305
19	-28.7305
19	-28.7305
19	-28.7305
19	-28.7305
19	-28.6426
19	-28.6426
19	-28.6426
19	-28.6426
19	-28.6426
19	-28.6426
19	-28.6426
19	-28.6426
19	-28.6426
19	-28.6426
19	-28.6426
19	-28.6426
19	-28.6426
19	-28.6426
19	-28.6426
19	-28.6426
19	-28.6426
19	-28.6426
19	-28.6426
19	-28.6426
19	-28.6426
19	-28.5547
19	-28.5547
19	-28.5547
19	-28.5547
19	-28.5547
19	-28.5547
19	-28.5547
19	-28.5547
19	-28.5547
19	-28.5547
19	-28.5547
19	-28.5547
19	-28.5547
19	-28.5547
19	-28.5547
19	-28.5547
19	-28.5547
19	-28.5547
19	-28.5547
19	-28.5547
19	-28.5547
19	-28.5547
19	-28.5547
19	-28.4668
19	-28.4668
19	-28.4668
19	-28.4668
19	-28.4668
19	-28.4668
19	-28.4668
19	-28.4668
19	-28.4668
19	-28.4668
19	-28.4668
19	-28.4668
19	-28.4668
19	-28.4668
19	-28.4668
19	-28.4668
19	-28.4668
19	-28.4668
19	-28.4668
19	-28.3789
19	-28.3789
19	-28.3789
19	-28.3789
19	-28.3789
20	-28.3789
20	-28.3789
20	-28.3789
20	-28.3789
20	-28.3789
20	-28.3789
20	-28.3789
20	-28.3789
20	-28.3789
20	-28.3789
20	-28.3789
20	-28.3789
20	-28.3789
20	-28.291
20	-28.291
20	-28.291
20	-28.291
20	-28.291
20	-28.291
20	-28.291
20	-28.291
20	-28.291
20	-28.291
20	-28.291
20	-28.291
20	-28.291
20	-28.2031
20	-28.2031
20	-28.2031
20	-28.2031
20	-28.2031
20	-28.2031
20	-28.2031
20	-28.2031
20	-28.2031
20	-28.2031
20	-28.2031
20	-28.2031
20	-28.2031
20	-28.2031
20	-28.2031
20	-28.1152
20	-28.1152
20	-28.1152
20	-28.1152
20	-28.1152
20	-28.1152
20	-28.1152
20	-28.1152
20	-28.1152
20	-28.1152
20	-28.1152
20	-28.1152
20	-28.1152
20	-28.1152
20	-28.1152
20	-28.1152
20	-28.0273
20	-28.0273
20	-28.0273
20	-28.0273
20	-28.0273
20	-28.0273
20	-28.0273
20	-28.0273
20	-28.0273
20	-28.0273
20	-28.0273
20	-28.0273
20	-28.0273
20	-28.0273
20	-27.9395
20	-27.9395
20	-27.9395
20	-27.9395
20	-27.9395
20	-27.9395
20	-27.9395
20	-27.9395
20	-27.9395
20	-27.9395
20	-27.9395
20	-27.9395
20	-27.8516
20	-27.8516
20	-27.8516
20	-27.8516
20	-27.8516
20	-27.8516
20	-27.8516
20	-27.8516
20	-27.8516
20	-27.8516
20	-27.8516
20	-27.8516
20	-27.8516
20	-27.8516
20	-27.7637
20	-27.7637
20	-27.7637
20	-27.7637
20	-27.7637
20	-27.7637
20	-27.7637
20	-27.7637
20	-27.7637
20	-27.7637
20	-27.7637
20	-27.7637
20	-27.7637
20	-27.7637
20	-27.7637
20	-27.6758
20	-27.6758
20	-27.6758
20	-27.6758
20	-27.6758
20	-27.6758
20	-27.6758
20	-27.6758
20	-27.6758
20	-27.6758
20	-27.6758
20	-27.6758
20	-27.6758
20	-27.6758
20	-27.5879
20	-27.5879
20	-27.5879
20	-27.5879
20	-27.5879
20	-27.5879
20	-27.5879
20	-27.5879
20	-27.5879
20	-27.5879
20	-27.5879
20	-27.5879
20	-27.5879
20	-27.5
20	-27.5
20	-27.5
20	-27.5
20	-27.5
20	-27.5
20	-27.5
20	-27.5
20	-27.5
20	-27.5
20	-27.5
20	-27.5
20	-27.5
20	-27.5
20	-27.4121
20	-27.4121
20	-27.4121
20	-27.4121
20	-27.4121
20	-27.4121
20	-27.4121
20	-27.4121
20	-27.4121
20	-27.4121
20	-27.4121
20	-27.4121
20	-27.4121
20	-27.4121
20	-27.4121
20	-27.4121
20	-27.3242
20	-27.3242
20	-27.3242
20	-27.3242
20	-27.3242
20	-27.3242
20	-27.3242
20	-27.3242
20	-27.3242
20	-27.3242
20	-27.3242
20	-27.3242
20	-27.3242
20	-27.3242
20	-27.3242
20	-27.2363
20	-27.2363
20	-27.2363
20	-27.2363
20	-27.2363
20	-27.2363
20	-27.2363
20	-27.2363
20	-27.2363
20	-27.2363
20	-27.2363
20	-27.2363
20	-27.2363
20	-27.2363
20	-27.2363
20	-27.1484
20	-27.1484
21	-27.1484
21	-27.1484
21	-27.1484
21	-27.1484
21	-27.1484
21	-27.1484
21	-27.1484
21	-27.1484
21	-27.1484
21	-27.1484
21	-27.1484
21	-27.1484
21	-27.1484
21	-27.1484
21	-27.0605
21	-27.0605
21	-27.0605
21	-27.0605
21	-27.0605
21	-27.0605
21	-27.0605
21	-27.0605
21	-27.0605
21	-27.0605
21	-27.0605
21	-27.0605
21	-27.0605
21	-27.0605
21	-27.0605
21	-27.0605
21	-27.0605
21	-27.0605
21	-27.0605
21	-27.0605
21	-27.0605
21	-26.9727
21	-26.9727
21	-26.9727
21	-26.9727
21	-26.9727
21	-26.9727
21	-26.9727
21	-26.9727
21	-26.9727
21	-26.9727
21	-26.9727
21	-26.9727
21	-26.9727
21	-26.9727
21	-26.9727
21	-26.9727
21	-26.9727
21	-26.9727
21	-26.9727
21	-26.9727
21	-26.8848
21	-26.8848
21	-26.8848
21	-26.8848
21	-26.8848
21	-26.8848
21	-26.8848
21	-26.8848
21	-26.8848
21	-26.8848
21	-26.8848
21	-26.8848
21	-26.8848
21	-26.8848
21	-26.8848
21	-26.8848
21	-26.8848
21	-26.8848
21	-26.8848
21	-26.8848
21	-26.8848
21	-26.7969
21	-26.7969
21	-26.7969
21	-26.7969
21	-26.7969
21	-26.7969
21	-26.7969
21	-26.7969
21	-26.7969
21	-26.7969
21	-26.7969
21	-26.7969
21	-26.7969
21	-26.7969
21	-26.7969
21	-26.7969
21	-26.7969
21	-26.7969
21	-26.7969
21	-26.7969
21	-26.7969
21	-26.7969
21	-26.7969
21	-26.7969
21	-26.7969
21	-26.7969
21	-26.7969
21	-26.7969
21	-26.7969
21	-26.7969
21	-26.7969
21	-26.7969
21	-26.7969
21	-26.7969
21	-26.7969
21	-26.7969
21	-26.709
21	-26.709
21	-26.709
21	-26.709
21	-26.709
21	-26.709
21	-26.709
21	-26.709
21	-26.709
21	-26.709
21	-26.709
21	-26.709
21	-26.709
21	-26.709
21	-26.709
21	-26.709
21	-26.709
21	-26.709
21	-26.709
21	-26.709
21	-26.709
21	-26.709
21	-26.709
21	-26.709
21	-26.709
21	-26.709
21	-26.709
21	-26.709
21	-26.709
21	-26.709
21	-26.709
21	-26.709
21	-26.709
21	-26.709
21	-26.709
21	-26.709
21	-26.709
21	-26.709
21	-26.709
21	-26.709
21	-26.709
21	-26.709
21	-26.709
21	-26.709
21	-26.709
21	-26.709
21	-26.709
21	-26.709
21	-26.709
21	-26.709
21	-26.709
21	-26.709
21	-26.709
21	-26.709
21	-26.709
21	-26.709
21	-26.709
21	-26.709
21	-26.709
21	-26.709
21	-26.709
21	-26.709
21	-26.709
21	-26.709
21	-26.709
21	-26.709
21	-26.709
21	-26.709
21	-26.709
21	-26.709
21	-26.709
21	-26.709
21	-26.709
21	-26.709
21	-26.709
21	-26.709
21	-26.709
21	-26.709
21	-26.709
21	-26.709
21	-26.709
21	-26.709
21	-26.709
21	-26.709
21	-26.709
21	-26.709
21	-26.709
22	-26.709
22	-26.709
22	-26.709
22	-26.709
22	-26.709
22	-26.709
22	-26.709
22	-26.709
22	-26.709
22	-26.709
22	-26.709
22	-26.709
22	-26.709
22	-26.709
22	-26.709
22	-26.709
22	-26.709
22	-26.709
22	-26.709
22	-26.709
22	-26.7969
22	-26.7969
22	-26.7969
22	-26.7969
22	-26.7969
22	-26.7969
22	-26.7969
22	-26.7969
22	-26.7969
22	-26.7969
22	-26.7969
22	-26.7969
22	-26.7969
22	-26.7969
22	-26.7969
22	-26.7969
22	-26.7969
22	-26.7969
22	-26.7969
22	-26.7969
22	-26.7969
22	-26.7969
22	-26.7969
22	-26.7969
22	-26.7969
22	-26.7969
22	-26.7969
22	-26.7969
22	-26.7969
22	-26.7969
22	-26.7969
22	-26.7969
22	-26.7969
22	-26.7969
22	-26.7969
22	-26.7969
22	-26.8848
22	-26.8848
22	-26.8848
22	-26.8848
22	-26.8848
22	-26.8848
22	-26.8848
22	-26.8848
22	-26.8848
22	-26.8848
22	-26.8848
22	-26.8848
22	-26.8848
22	-26.8848
22	-26.8848
22	-26.8848
22	-26.8848
22	-26.8848
22	-26.8848
22	-26.8848
22	-26.9727
22	-26.9727
22	-26.9727
22	-26.9727
22	-26.9727
22	-26.9727
22	-26.9727
22	-26.9727
22	-26.9727
22	-26.9727
22	-26.9727
22	-26.9727
22	-26.9727
22	-26.9727
22	-26.9727
22	-26.9727
22	-26.9727
22	-26.9727
22	-26.9727
22	-26.9727
22	-26.9727
22	-27.0605
22	-27.0605
22	-27.0605
22	-27.0605
22	-27.0605
22	-27.0605
22	-27.0605
22	-27.0605
22	-27.0605
22	-27.0605
22	-27.0605
22	-27.0605
22	-27.0605
22	-27.0605
22	-27.0605
22	-27.0605
22	-27.0605
22	-27.0605
22	-27.0605
22	-27.0605
22	-27.1484
22	-27.1484
22	-27.1484
22	-27.1484
22	-27.1484
22	-27.1484
22	-27.1484
22	-27.1484
22	-27.1484
22	-27.1484
22	-27.1484
22	-27.1484
22	-27.1484
22	-27.1484
22	-27.1484
22	-27.1484
22	-27.1484
22	-27.2363
22	-27.2363
22	-27.2363
22	-27.2363
22	-27.2363
22	-27.2363
22	-27.2363
22	-27.2363
22	-27.2363
22	-27.2363
22	-27.2363
22	-27.2363
22	-27.2363
22	-27.2363
22	-27.2363
22	-27.3242
22	-27.3242
22	-27.3242
22	-27.3242
22	-27.3242
22	-27.3242
22	-27.3242
22	-27.3242
22	-27.3242
22	-27.3242
22	-27.3242
22	-27.3242
22	-27.3242
22	-27.3242
22	-27.3242
22	-27.4121
22	-27.4121
22	-27.4121
22	-27.4121
22	-27.4121
22	-27.4121
22	-27.4121
22	-27.4121
22	-27.4121
22	-27.4121
22	-27.4121
22	-27.4121
22	-27.4121
22	-27.4121
22	-27.4121
22	-27.4121
22	-27.5
22	-27.5
22	-27.5
22	-27.5
22	-27.5
22	-27.5
22	-27.5
22	-27.5
22	-27.5
22	-27.5
22	-27.5
22	-27.5
22	-27.5
22	-27.5
22	-27.5879
22	-27.5879
22	-27.5879
22	-27.5879
22	-27.5879
22	-27.5879
22	-27.5879
23	-27.5879
23	-27.5879
23	-27.5879
23	-27.5879
23	-27.5879
23	-27.5879
23	-27.6758
23	-27.6758
23	-27.6758
23	-27.6758
23	-27.6758
23	-27.6758
23	-27.6758
23	-27.6758
23	-27.6758
23	-27.6758
23	-27.6758
23	-27.6758
23	-27.6758
23	-27.6758
23	-27.7637
23	-27.7637
23	-27.7637
23	-27.7637
23	-27.7637
23	-27.7637
23	-27.7637
23	-27.7637
23	-27.7637
23	-27.7637
23	-27.7637
23	-27.7637
23	-27.7637
23	-27.7637
23	-27.7637
23	-27.8516
23	-27.8516
23	-27.8516
23	-27.8516
23	-27.8516
23	-27.8516
23	-27.8516
23	-27.8516
23	-27.8516
23	-27.8516
23	-27.8516
23	-27.8516
23	-27.8516
23	-27.8516
23	-27.9395
23	-27.9395
23	-27.9395
23	-27.9395
23	-27.9395
23	-27.9395
23	-27.9395
23	-27.9395
23	-27.9395
23	-27.9395
23	-27.9395
23	-27.9395
23	-27.9395
23	-28.0273
23	-28.0273
23	-28.0273
23	-28.0273
23	-28.0273
23	-28.0273
23	-28.0273
23	-28.0273
23	-28.0273
23	-28.0273
23	-28.0273
23	-28.0273
23	-28.0273
23	-28.0273
23	-28.0273
23	-28.1152
23	-28.1152
23	-28.1152
23	-28.1152
23	-28.1152
23	-28.1152
23	-28.1152
23	-28.1152
23	-28.1152
23	-28.1152
23	-28.1152
23	-28.1152
23	-28.1152
23	-28.1152
23	-28.1152
23	-28.1152
23	-28.2031
23	-28.2031
23	-28.2031
23	-28.2031
23	-28.2031
23	-28.2031
23	-28.2031
23	-28.2031
23	-28.2031
23	-28.2031
23	-28.2031
23	-28.2031
23	-28.2031
23	-28.2031
23	-28.2031
23	-28.2031
23	-28.2031
23	-28.291
23	-28.291
23	-28.291
23	-28.291
23	-28.291
23	-28.291
23	-28.291
23	-28.291
23	-28.291
23	-28.291
23	-28.291
23	-28.291
23	-28.291
23	-28.291
23	-28.3789
23	-28.3789
23	-28.3789
23	-28.3789
23	-28.3789
23	-28.3789
23	-28.3789
23	-28.3789
23	-28.3789
23	-28.3789
23	-28.3789
23	-28.3789
23	-28.3789
23	-28.3789
23	-28.3789
23	-28.3789
23	-28.3789
23	-28.3789
23	-28.4668
23	-28.4668
23	-28.4668
23	-28.4668
23	-28.4668
23	-28.4668
23	-28.4668
23	-28.4668
23	-28.4668
23	-28.4668
23	-28.4668
23	-28.4668
23	-28.4668
23	-28.4668
23	-28.4668
23	-28.4668
23	-28.4668
23	-28.4668
23	-28.4668
23	-28.4668
23	-28.5547
23	-28.5547
23	-28.5547
23	-28.5547
23	-28.5547
23	-28.5547
23	-28.5547
23	-28.5547
23	-28.5547
23	-28.5547
23	-28.5547
23	-28.5547
23	-28.5547
23	-28.5547
23	-28.5547
23	-28.5547
23	-28.5547
23	-28.5547
23	-28.5547
23	-28.5547
23	-28.5547
23	-28.5547
23	-28.5547
23	-28.5547
23	-28.5547
23	-28.6426
23	-28.6426
23	-28.6426
23	-28.6426
23	-28.6426
23	-28.6426
23	-28.6426
23	-28.6426
23	-28.6426
23	-28.6426
23	-28.6426
23	-28.6426
24	-28.6426
24	-28.6426
24	-28.6426
24	-28.6426
24	-28.6426
24	-28.6426
24	-28.6426
24	-28.6426
24	-28.6426
24	-28.6426
24	-28.6426
24	-28.6426
24	-28.6426
24	-28.7305
24	-28.7305
24	-28.7305
24	-28.7305
24	-28.7305
24	-28.7305
24	-28.7305
24	-28.7305
24	-28.7305
24	-28.7305
24	-28.7305
24	-28.7305
24	-28.7305
24	-28.7305
24	-28.7305
24	-28.7305
24	-28.7305
24	-28.7305
24	-28.7305
24	-28.7305
24	-28.7305
24	-28.7305
24	-28.7305
24	-28.7305
24	-28.7305
24	-28.7305
24	-28.7305
24	-28.7305
24	-28.7305
24	-28.7305
24	-28.7305
24	-28.7305
24	-28.7305
24	-28.7305
24	-28.7305
24	-28.7305
24	-28.7305
24	-28.7305
24	-28.7305
24	-28.7305
24	-28.7305
24	-28.7305
24	-28.7305
24	-28.7305
24	-28.7305
24	-28.7305
24	-28.7305
24	-28.7305
24	-28.7305
24	-28.7305
24	-28.7305
24	-28.7305
24	-28.7305
24	-28.7305
24	-28.7305
24	-28.7305
24	-28.7305
24	-28.7305
24	-28.7305
24	-28.7305
24	-28.7305
24	-28.7305
24	-28.7305
24	-28.7305
24	-28.7305
24	-28.7305
24	-28.7305
24	-28.7305
24	-28.7305
24	-28.8184
24	-28.8184
24	-28.8184
24	-28.8184
24	-28.8184
24	-28.8184
24	-28.8184
24	-28.8184
24	-28.8184
24	-28.8184
24	-28.8184
24	-28.8184
24	-28.8184
24	-28.8184
24	-28.8184
24	-28.8184
24	-28.8184
24	-28.8184
24	-28.8184
24	-28.8184
24	-28.8184
24	-28.8184
24	-28.8184
24	-28.8184
24	-28.8184
24	-28.8184
24	-28.8184
24	-28.7305
24	-28.7305
24	-28.7305
24	-28.7305
24	-28.7305
24	-28.7305
24	-28.7305
24	-28.7305
24	-28.7305
24	-28.7305
24	-28.7305
24	-28.7305
24	-28.7305
24	-28.7305
24	-28.7305
24	-28.7305
24	-28.7305
24	-28.7305
24	-28.7305
24	-28.7305
24	-28.7305
24	-28.7305
24	-28.7305
24	-28.7305
24	-28.7305
24	-28.7305
24	-28.7305
24	-28.7305
24	-28.7305
24	-28.7305
24	-28.7305
24	-28.7305
24	-28.7305
24	-28.7305
24	-28.7305
24	-28.7305
24	-28.7305
24	-28.7305
24	-28.7305
24	-28.7305
24	-28.7305
24	-28.7305
24	-28.7305
24	-28.7305
24	-28.7305
24	-28.7305
24	-28.7305
24	-28.7305
24	-28.7305
24	-28.6426
24	-28.6426
24	-28.6426
24	-28.6426
24	-28.6426
24	-28.6426
24	-28.6426
24	-28.6426
24	-28.6426
24	-28.6426
24	-28.6426
24	-28.6426
24	-28.6426
24	-28.6426
24	-28.6426
24	-28.6426
24	-28.6426
24	-28.6426
24	-28.6426
24	-28.6426
24	-28.6426
24	-28.6426
24	-28.6426
24	-28.6426
24	-28.6426
24	-28.5547
24	-28.5547
24	-28.5547
24	-28.5547
24	-28.5547
24	-28.5547
24	-28.5547
24	-28.5547
24	-28.5547
24	-28.5547
24	-28.5547
24	-28.5547
24	-28.5547
24	-28.5547
24	-28.5547
24	-28.5547
24	-28.5547
24	-28.5547
25	-28.5547
25	-28.5547
25	-28.5547
25	-28.5547
25	-28.5547
25	-28.5547
25	-28.4668
25	-28.4668
25	-28.4668
25	-28.4668
25	-28.4668
25	-28.4668
25	-28.4668
25	-28.4668
25	-28.4668
25	-28.4668
25	-28.4668
25	-28.4668
25	-28.4668
25	-28.4668
25	-28.4668
25	-28.4668
25	-28.4668
25	-28.4668
25	-28.4668
25	-28.3789
25	-28.3789
25	-28.3789
25	-28.3789
25	-28.3789
25	-28.3789
25	-28.3789
25	-28.3789
25	-28.3789
25	-28.3789
25	-28.3789
25	-28.3789
25	-28.3789
25	-28.3789
25	-28.3789
25	-28.3789
25	-28.3789
25	-28.3789
25	-28.3789
25	-28.291
25	-28.291
25	-28.291
25	-28.291
25	-28.291
25	-28.291
25	-28.291
25	-28.291
25	-28.291
25	-28.291
25	-28.291
25	-28.291
25	-28.291
25	-28.291
25	-28.2031
25	-28.2031
25	-28.2031
25	-28.2031
25	-28.2031
25	-28.2031
25	-28.2031
25	-28.2031
25	-28.2031
25	-28.2031
25	-28.2031
25	-28.2031
25	-28.2031
25	-28.2031
25	-28.2031
25	-28.2031
25	-28.2031
25	-28.1152
25	-28.1152
25	-28.1152
25	-28.1152
25	-28.1152
25	-28.1152
25	-28.1152
25	-28.1152
25	-28.1152
25	-28.1152
25	-28.1152
25	-28.1152
25	-28.1152
25	-28.1152
25	-28.1152
25	-28.1152
25	-28.1152
25	-28.0273
25	-28.0273
25	-28.0273
25	-28.0273
25	-28.0273
25	-28.0273
25	-28.0273
25	-28.0273
25	-28.0273
25	-28.0273
25	-28.0273
25	-28.0273
25	-28.0273
25	-28.0273
25	-27.9395
25	-27.9395
25	-27.9395
25	-27.9395
25	-27.9395
25	-27.9395
25	-27.9395
25	-27.9395
25	-27.9395
25	-27.9395
25	-27.9395
25	-27.9395
25	-27.9395
25	-27.8516
25	-27.8516
25	-27.8516
25	-27.8516
25	-27.8516
25	-27.8516
25	-27.8516
25	-27.8516
25	-27.8516
25	-27.8516
25	-27.8516
25	-27.8516
25	-27.8516
25	-27.8516
25	-27.8516
25	-27.7637
25	-27.7637
25	-27.7637
25	-27.7637
25	-27.7637
25	-27.7637
25	-27.7637
25	-27.7637
25	-27.7637
25	-27.7637
25	-27.7637
25	-27.7637
25	-27.7637
25	-27.7637
25	-27.7637
25	-27.6758
25	-27.6758
25	-27.6758
25	-27.6758
25	-27.6758
25	-27.6758
25	-27.6758
25	-27.6758
25	-27.6758
25	-27.6758
25	-27.6758
25	-27.6758
25	-27.6758
25	-27.6758
25	-27.6758
25	-27.5879
25	-27.5879
25	-27.5879
25	-27.5879
25	-27.5879
25	-27.5879
25	-27.5879
25	-27.5879
25	-27.5879
25	-27.5879
25	-27.5879
25	-27.5879
25	-27.5879
25	-27.5
25	-27.5
25	-27.5
25	-27.5
25	-27.5
25	-27.5
25	-27.5
25	-27.5
25	-27.5
25	-27.5
25	-27.5
25	-27.5
25	-27.5
25	-27.5
25	-27.5
25	-27.4121
25	-27.4121
25	-27.4121
25	-27.4121
25	-27.4121
25	-27.4121
25	-27.4121
26	-27.4121
26	-27.4121
26	-27.4121
26	-27.4121
26	-27.4121
26	-27.4121
26	-27.4121
26	-27.4121
26	-27.4121
26	-27.4121
26	-27.4121
26	-27.3242
26	-27.3242
26	-27.3242
26	-27.3242
26	-27.3242
26	-27.3242
26	-27.3242
26	-27.3242
26	-27.3242
26	-27.3242
26	-27.3242
26	-27.3242
26	-27.3242
26	-27.3242
26	-27.3242
26	-27.3242
26	-27.2363
26	-27.2363
26	-27.2363
26	-27.2363
26	-27.2363
26	-27.2363
26	-27.2363
26	-27.2363
26	-27.2363
26	-27.2363
26	-27.2363
26	-27.2363
26	-27.2363
26	-27.2363
26	-27.2363
26	-27.1484
26	-27.1484
26	-27.1484
26	-27.1484
26	-27.1484
26	-27.1484
26	-27.1484
26	-27.1484
26	-27.1484
26	-27.1484
26	-27.1484
26	-27.1484
26	-27.1484
26	-27.1484
26	-27.1484
26	-27.1484
26	-27.1484
26	-27.1484
26	-27.1484
26	-27.1484
26	-27.0605
26	-27.0605
26	-27.0605
26	-27.0605
26	-27.0605
26	-27.0605
26	-27.0605
26	-27.0605
26	-27.0605
26	-27.0605
26	-27.0605
26	-27.0605
26	-27.0605
26	-27.0605
26	-27.0605
26	-27.0605
26	-27.0605
26	-27.0605
26	-27.0605
26	-27.0605
26	-27.0605
26	-27.0605
26	-27.0605
26	-27.0605
26	-26.9727
26	-26.9727
26	-26.9727
26	-26.9727
26	-26.9727
26	-26.9727
26	-26.9727
26	-26.9727
26	-26.9727
26	-26.9727
26	-26.9727
26	-26.9727
26	-26.9727
26	-26.9727
26	-26.9727
26	-26.9727
26	-26.9727
26	-26.9727
26	-26.9727
26	-26.9727
26	-26.9727
26	-26.9727
26	-26.9727
26	-26.9727
26	-26.9727
26	-26.8848
26	-26.8848
26	-26.8848
26	-26.8848
26	-26.8848
26	-26.8848
26	-26.8848
26	-26.8848
26	-26.8848
26	-26.8848
26	-26.8848
26	-26.8848
26	-26.8848
26	-26.8848
26	-26.8848
26	-26.8848
26	-26.8848
26	-26.8848
26	-26.8848
26	-26.8848
26	-26.8848
26	-26.8848
26	-26.8848
26	-26.8848
26	-26.8848
26	-26.8848
26	-26.8848
26	-26.8848
26	-26.8848
26	-26.8848
26	-26.8848
26	-26.8848
26	-26.7969
26	-26.7969
26	-26.7969
26	-26.7969
26	-26.7969
26	-26.7969
26	-26.7969
26	-26.7969
26	-26.7969
26	-26.7969
26	-26.7969
26	-26.7969
26	-26.7969
26	-26.7969
26	-26.7969
26	-26.7969
26	-26.7969
26	-26.7969
26	-26.7969
26	-26.7969
26	-26.7969
26	-26.7969
26	-26.7969
26	-26.7969
26	-26.7969
26	-26.7969
26	-26.7969
26	-26.7969
26	-26.7969
26	-26.7969
26	-26.7969
26	-26.7969
26	-26.7969
26	-26.7969
26	-26.7969
26	-26.7969
26	-26.7969
26	-26.7969
26	-26.7969
26	-26.7969
26	-26.7969
26	-26.7969
26	-26.7969
26	-26.7969
26	-26.7969
26	-26.7969
26	-26.7969
26	-26.7969
26	-26.7969
26	-26.7969
26	-26.7969
26	-26.7969
26	-26.7969
26	-26.7969
26	-26.7969
26	-26.7969
26	-26.7969
26	-26.7969
27	-26.7969
27	-26.7969
27	-26.7969
27	-26.7969
27	-26.7969
27	-26.7969
27	-26.7969
27	-26.7969
27	-26.7969
27	-26.7969
27	-26.7969
27	-26.7969
27	-26.7969
27	-26.7969
27	-26.7969
27	-26.7969
27	-26.7969
27	-26.7969
27	-26.7969
27	-26.7969
27	-26.7969
27	-26.7969
27	-26.7969
27	-26.7969
27	-26.7969
27	-26.7969
27	-26.7969
27	-26.7969
27	-26.7969
27	-26.7969
27	-26.7969
27	-26.7969
27	-26.7969
27	-26.7969
27	-26.7969
27	-26.7969
27	-26.7969
27	-26.7969
27	-26.7969
27	-26.7969
27	-26.7969
27	-26.7969
27	-26.7969
27	-26.7969
27	-26.7969
27	-26.7969
27	-26.7969
27	-26.7969
27	-26.7969
27	-26.7969
27	-26.7969
27	-26.7969
27	-26.7969
27	-26.7969
27	-26.7969
27	-26.8848
27	-26.8848
27	-26.8848
27	-26.8848
27	-26.8848
27	-26.8848
27	-26.8848
27	-26.8848
27	-26.8848
27	-26.8848
27	-26.8848
27	-26.8848
27	-26.8848
27	-26.8848
27	-26.8848
27	-26.8848
27	-26.8848
27	-26.8848
27	-26.8848
27	-26.8848
27	-26.8848
27	-26.8848
27	-26.8848
27	-26.8848
27	-26.8848
27	-26.8848
27	-26.8848
27	-26.8848
27	-26.8848
27	-26.8848
27	-26.8848
27	-26.9727
27	-26.9727
27	-26.9727
27	-26.9727
27	-26.9727
27	-26.9727
27	-26.9727
27	-26.9727
27	-26.9727
27	-26.9727
27	-26.9727
27	-26.9727
27	-26.9727
27	-26.9727
27	-26.9727
27	-26.9727
27	-26.9727
27	-26.9727
27	-26.9727
27	-26.9727
27	-26.9727
27	-26.9727
27	-26.9727
27	-26.9727
27	-26.9727
27	-26.9727
27	-27.0605
27	-27.0605
27	-27.0605
27	-27.0605
27	-27.0605
27	-27.0605
27	-27.0605
27	-27.0605
27	-27.0605
27	-27.0605
27	-27.0605
27	-27.0605
27	-27.0605
27	-27.0605
27	-27.0605
27	-27.0605
27	-27.0605
27	-27.0605
27	-27.0605
27	-27.0605
27	-27.0605
27	-27.0605
27	-27.0605
27	-27.0605
27	-27.1484
27	-27.1484
27	-27.1484
27	-27.1484
27	-27.1484
27	-27.1484
27	-27.1484
27	-27.1484
27	-27.1484
27	-27.1484
27	-27.1484
27	-27.1484
27	-27.1484
27	-27.1484
27	-27.1484
27	-27.1484
27	-27.1484
27	-27.1484
27	-27.1484
27	-27.1484
27	-27.2363
27	-27.2363
27	-27.2363
27	-27.2363
27	-27.2363
27	-27.2363
27	-27.2363
27	-27.2363
27	-27.2363
27	-27.2363
27	-27.2363
27	-27.2363
27	-27.2363
27	-27.2363
27	-27.2363
27	-27.2363
27	-27.2363
27	-27.3242
27	-27.3242
27	-27.3242
27	-27.3242
27	-27.3242
27	-27.3242
27	-27.3242
27	-27.3242
27	-27.3242
27	-27.3242
27	-27.3242
27	-27.3242
27	-27.3242
27	-27.3242
27	-27.3242
27	-27.3242
27	-27.3242
27	-27.3242
27	-27.4121
27	-27.4121
27	-27.4121
27	-27.4121
27	-27.4121
27	-27.4121
27	-27.4121
27	-27.4121
28	-27.4121
28	-27.4121
28	-27.4121
28	-27.4121
28	-27.4121
28	-27.4121
28	-27.4121
28	-27.4121
28	-27.5
28	-27.5
28	-27.5
28	-27.5
28	-27.5
28	-27.5
28	-27.5
28	-27.5
28	-27.5
28	-27.5
28	-27.5
28	-27.5
28	-27.5
28	-27.5
28	-27.5
28	-27.5
28	-27.5
28	-27.5
28	-27.5879
28	-27.5879
28	-27.5879
28	-27.5879
28	-27.5879
28	-27.5879
28	-27.5879
28	-27.5879
28	-27.5879
28	-27.5879
28	-27.5879
28	-27.5879
28	-27.5879
28	-27.6758
28	-27.6758
28	-27.6758
28	-27.6758
28	-27.6758
28	-27.6758
28	-27.6758
28	-27.6758
28	-27.6758
28	-27.6758
28	-27.6758
28	-27.6758
28	-27.6758
28	-27.6758
28	-27.6758
28	-27.6758
28	-27.6758
28	-27.6758
28	-27.7637
28	-27.7637
28	-27.7637
28	-27.7637
28	-27.7637
28	-27.7637
28	-27.7637
28	-27.7637
28	-27.7637
28	-27.7637
28	-27.7637
28	-27.7637
28	-27.7637
28	-27.7637
28	-27.7637
28	-27.7637
28	-27.7637
28	-27.8516
28	-27.8516
28	-27.8516
28	-27.8516
28	-27.8516
28	-27.8516
28	-27.8516
28	-27.8516
28	-27.8516
28	-27.8516
28	-27.8516
28	-27.8516
28	-27.8516
28	-27.8516
28	-27.8516
28	-27.8516
28	-27.8516
28	-27.9395
28	-27.9395
28	-27.9395
28	-27.9395
28	-27.9395
28	-27.9395
28	-27.9395
28	-27.9395
28	-27.9395
28	-27.9395
28	-27.9395
28	-27.9395
28	-27.9395
28	-27.9395
28	-27.9395
28	-28.0273
28	-28.0273
28	-28.0273
28	-28.0273
28	-28.0273
28	-28.0273
28	-28.0273
28	-28.0273
28	-28.0273
28	-28.0273
28	-28.0273
28	-28.0273
28	-28.0273
28	-28.0273
28	-28.0273
28	-28.0273
28	-28.0273
28	-28.1152
28	-28.1152
28	-28.1152
28	-28.1152
28	-28.1152
28	-28.1152
28	-28.1152
28	-28.1152
28	-28.1152
28	-28.1152
28	-28.1152
28	-28.1152
28	-28.1152
28	-28.1152
28	-28.1152
28	-28.1152
28	-28.1152
28	-28.1152
28	-28.1152
28	-28.1152
28	-28.2031
28	-28.2031
28	-28.2031
28	-28.2031
28	-28.2031
28	-28.2031
28	-28.2031
28	-28.2031
28	-28.2031
28	-28.2031
28	-28.2031
28	-28.2031
28	-28.2031
28	-28.2031
28	-28.2031
28	-28.2031
28	-28.2031
28	-28.2031
28	-28.2031
28	-28.291
28	-28.291
28	-28.291
28	-28.291
28	-28.291
28	-28.291
28	-28.291
28	-28.291
28	-28.291
28	-28.291
28	-28.291
28	-28.291
28	-28.291
28	-28.291
28	-28.291
28	-28.291
28	-28.291
28	-28.291
28	-28.291
28	-28.3789
28	-28.3789
28	-28.3789
28	-28.3789
28	-28.3789
28	-28.3789
28	-28.3789
28	-28.3789
28	-28.3789
28	-28.3789
28	-28.3789
28	-28.3789
28	-28.3789
28	-28.3789
28	-28.3789
28	-28.3789
28	-28.3789
28	-28.3789
28	-28.3789
28	-28.3789
29	-28.3789
29	-28.3789
29	-28.3789
29	-28.3789
29	-28.3789
29	-28.3789
29	-28.3789
29	-28.3789
29	-28.4668
29	-28.4668
29	-28.4668
29	-28.4668
29	-28.4668
29	-28.4668
29	-28.4668
29	-28.4668
29	-28.4668
29	-28.4668
29	-28.4668
29	-28.4668
29	-28.4668
29	-28.4668
29	-28.4668
29	-28.4668
29	-28.4668
29	-28.4668
29	-28.4668
29	-28.4668
29	-28.4668
29	-28.4668
29	-28.4668
29	-28.4668
29	-28.4668
29	-28.4668
29	-28.4668
29	-28.4668
29	-28.4668
29	-28.4668
29	-28.4668
29	-28.4668
29	-28.4668
29	-28.5547
29	-28.5547
29	-28.5547
29	-28.5547
29	-28.5547
29	-28.5547
29	-28.5547
29	-28.5547
29	-28.5547
29	-28.5547
29	-28.5547
29	-28.5547
29	-28.5547
29	-28.5547
29	-28.5547
29	-28.5547
29	-28.5547
29	-28.5547
29	-28.5547
29	-28.5547
29	-28.5547
29	-28.5547
29	-28.5547
29	-28.5547
29	-28.5547
29	-28.5547
29	-28.5547
29	-28.5547
29	-28.5547
29	-28.5547
29	-28.5547
29	-28.5547
29	-28.5547
29	-28.5547
29	-28.5547
29	-28.5547
29	-28.5547
29	-28.5547
29	-28.5547
29	-28.5547
29	-28.5547
29	-28.5547
29	-28.5547
29	-28.5547
29	-28.5547
29	-28.5547
29	-28.5547
29	-28.5547
29	-28.5547
29	-28.5547
29	-28.5547
29	-28.5547
29	-28.5547
29	-28.5547
29	-28.5547
29	-28.5547
29	-28.5547
29	-28.5547
29	-28.5547
29	-28.5547
29	-28.5547
29	-28.5547
29	-28.5547
29	-28.5547
29	-28.5547
29	-28.5547
29	-28.5547
29	-28.5547
29	-28.5547
29	-28.5547
29	-28.5547
29	-28.5547
29	-28.5547
29	-28.5547
29	-28.5547
29	-28.5547
29	-28.5547
29	-28.5547
29	-28.5547
29	-28.5547
29	-28.5547
29	-28.5547
29	-28.5547
29	-28.5547
29	-28.5547
29	-28.5547
29	-28.5547
29	-28.5547
29	-28.5547
29	-28.5547
29	-28.5547
29	-28.5547
29	-28.5547
29	-28.5547
29	-28.5547
29	-28.5547
29	-28.5547
29	-28.5547
29	-28.5547
29	-28.5547
29	-28.5547
29	-28.5547
29	-28.5547
29	-28.5547
29	-28.5547
29	-28.5547
29	-28.5547
29	-28.5547
29	-28.5547
29	-28.5547
29	-28.5547
29	-28.5547
29	-28.5547
29	-28.5547
29	-28.5547
29	-28.5547
29	-28.5547
29	-28.5547
29	-28.5547
29	-28.5547
29	-28.5547
29	-28.5547
29	-28.5547
29	-28.5547
29	-28.5547
29	-28.5547
29	-28.5547
29	-28.5547
29	-28.5547
29	-28.5547
29	-28.5547
29	-28.5547
29	-28.5547
29	-28.4668
29	-28.4668
29	-28.4668
29	-28.4668
29	-28.4668
29	-28.4668
29	-28.4668
29	-28.4668
29	-28.4668
29	-28.4668
29	-28.4668
29	-28.4668
29	-28.4668
29	-28.4668
29	-28.4668
29	-28.4668
29	-28.4668
29	-28.4668
29	-28.4668
29	-28.4668
29	-28.4668
29	-28.4668
29	-28.4668
29	-28.4668
29	-28.4668
30	-28.4668
30	-28.4668
30	-28.4668
30	-28.4668
30	-28.4668
30	-28.4668
30	-28.4668
30	-28.4668
30	-28.3789
30	-28.3789
30	-28.3789
30	-28.3789
30	-28.3789
30	-28.3789
30	-28.3789
30	-28.3789
30	-28.3789
30	-28.3789
30	-28.3789
30	-28.3789
30	-28.3789
30	-28.3789
30	-28.3789
30	-28.3789
30	-28.3789
30	-28.3789
30	-28.3789
30	-28.3789
30	-28.3789
30	-28.3789
30	-28.3789
30	-28.3789
30	-28.3789
30	-28.291
30	-28.291
30	-28.291
30	-28.291
30	-28.291
30	-28.291
30	-28.291
30	-28.291
30	-28.291
30	-28.291
30	-28.291
30	-28.291
30	-28.291
30	-28.291
30	-28.291
30	-28.291
30	-28.291
30	-28.291
30	-28.291
30	-28.291
30	-28.291
30	-28.291
30	-28.2031
30	-28.2031
30	-28.2031
30	-28.2031
30	-28.2031
30	-28.2031
30	-28.2031
30	-28.2031
30	-28.2031
30	-28.2031
30	-28.2031
30	-28.2031
30	-28.2031
30	-28.2031
30	-28.2031
30	-28.2031
30	-28.2031
30	-28.2031
30	-28.2031
30	-28.1152
30	-28.1152
30	-28.1152
30	-28.1152
30	-28.1152
30	-28.1152
30	-28.1152
30	-28.1152
30	-28.1152
30	-28.1152
30	-28.1152
30	-28.1152
30	-28.1152
30	-28.1152
30	-28.1152
30	-28.1152
30	-28.1152
30	-28.1152
30	-28.1152
30	-28.1152
30	-28.0273
30	-28.0273
30	-28.0273
30	-28.0273
30	-28.0273
30	-28.0273
30	-28.0273
30	-28.0273
30	-28.0273
30	-28.0273
30	-28.0273
30	-28.0273
30	-28.0273
30	-28.0273
30	-28.0273
30	-28.0273
30	-28.0273
30	-28.0273
30	-27.9395
30	-27.9395
30	-27.9395
30	-27.9395
30	-27.9395
30	-27.9395
30	-27.9395
30	-27.9395
30	-27.9395
30	-27.9395
30	-27.9395
30	-27.9395
30	-27.9395
30	-27.9395
30	-27.8516
30	-27.8516
30	-27.8516
30	-27.8516
30	-27.8516
30	-27.8516
30	-27.8516
30	-27.8516
30	-27.8516
30	-27.8516
30	-27.8516
30	-27.8516
30	-27.8516
30	-27.8516
30	-27.8516
30	-27.8516
30	-27.8516
30	-27.8516
30	-27.7637
30	-27.7637
30	-27.7637
30	-27.7637
30	-27.7637
30	-27.7637
30	-27.7637
30	-27.7637
30	-27.7637
30	-27.7637
30	-27.7637
30	-27.7637
30	-27.7637
30	-27.7637
30	-27.7637
30	-27.7637
30	-27.7637
30	-27.7637
30	-27.6758
30	-27.6758
30	-27.6758
30	-27.6758
30	-27.6758
30	-27.6758
30	-27.6758
30	-27.6758
30	-27.6758
30	-27.6758
30	-27.6758
30	-27.6758
30	-27.6758
30	-27.6758
30	-27.6758
30	-27.6758
30	-27.6758
30	-27.6758
30	-27.5879
30	-27.5879
30	-27.5879
30	-27.5879
30	-27.5879
30	-27.5879
30	-27.5879
30	-27.5879
30	-27.5879
30	-27.5879
30	-27.5879
30	-27.5879
30	-27.5879
30	-27.5879
30	-27.5879
30	-27.5
30	-27.5
30	-27.5
30	-27.5
30	-27.5
30	-27.5
31	-27.5
31	-27.5
31	-27.5
31	-27.5
31	-27.5
31	-27.5
31	-27.5
31	-27.5
31	-27.5
31	-27.5
31	-27.5
31	-27.5
31	-27.5
31	-27.4121
31	-27.4121
31	-27.4121
31	-27.4121
31	-27.4121
31	-27.4121
31	-27.4121
31	-27.4121
31	-27.4121
31	-27.4121
31	-27.4121
31	-27.4121
31	-27.4121
31	-27.4121
31	-27.4121
31	-27.4121
31	-27.4121
31	-27.4121
31	-27.4121
31	-27.4121
31	-27.4121
31	-27.3242
31	-27.3242
31	-27.3242
31	-27.3242
31	-27.3242
31	-27.3242
31	-27.3242
31	-27.3242
31	-27.3242
31	-27.3242
31	-27.3242
31	-27.3242
31	-27.3242
31	-27.3242
31	-27.3242
31	-27.3242
31	-27.3242
31	-27.3242
31	-27.3242
31	-27.3242
31	-27.2363
31	-27.2363
31	-27.2363
31	-27.2363
31	-27.2363
31	-27.2363
31	-27.2363
31	-27.2363
31	-27.2363
31	-27.2363
31	-27.2363
31	-27.2363
31	-27.2363
31	-27.2363
31	-27.2363
31	-27.2363
31	-27.2363
31	-27.2363
31	-27.2363
31	-27.2363
31	-27.2363
31	-27.2363
31	-27.2363
31	-27.1484
31	-27.1484
31	-27.1484
31	-27.1484
31	-27.1484
31	-27.1484
31	-27.1484
31	-27.1484
31	-27.1484
31	-27.1484
31	-27.1484
31	-27.1484
31	-27.1484
31	-27.1484
31	-27.1484
31	-27.1484
31	-27.1484
31	-27.1484
31	-27.1484
31	-27.1484
31	-27.1484
31	-27.1484
31	-27.1484
31	-27.1484
31	-27.1484
31	-27.1484
31	-27.0605
31	-27.0605
31	-27.0605
31	-27.0605
31	-27.0605
31	-27.0605
31	-27.0605
31	-27.0605
31	-27.0605
31	-27.0605
31	-27.0605
31	-27.0605
31	-27.0605
31	-27.0605
31	-27.0605
31	-27.0605
31	-27.0605
31	-27.0605
31	-27.0605
31	-27.0605
31	-27.0605
31	-27.0605
31	-27.0605
31	-27.0605
31	-27.0605
31	-27.0605
31	-27.0605
31	-27.0605
31	-27.0605
31	-27.0605
31	-27.0605
31	-27.0605
31	-27.0605
31	-27.0605
31	-27.0605
31	-27.0605
31	-27.0605
31	-27.0605
31	-26.9727
31	-26.9727
31	-26.9727
31	-26.9727
31	-26.9727
31	-26.9727
31	-26.9727
31	-26.9727
31	-26.9727
31	-26.9727
31	-26.9727
31	-26.9727
31	-26.9727
31	-26.9727
31	-26.9727
31	-26.9727
31	-26.9727
31	-26.9727
31	-26.9727
31	-26.9727
31	-26.9727
31	-26.9727
31	-26.9727
31	-26.9727
31	-26.9727
31	-26.9727
31	-26.9727
31	-26.9727
31	-26.9727
31	-26.9727
31	-26.9727
31	-26.9727
31	-26.9727
31	-26.9727
31	-26.9727
31	-26.9727
31	-26.9727
31	-26.9727
31	-26.9727
31	-26.9727
31	-26.9727
31	-26.9727
31	-26.9727
31	-26.9727
