Simulation Time - Measured	Travel (deg) - Measured
0	0
0.005	0
0.01	-0.0439453
0.015	-0.0439453
0.02	-0.0439453
0.025	-0.0439453
0.03	-0.0439453
0.035	-0.0439453
0.04	-0.0439453
0.045	-0.0439453
0.05	-0.0439453
0.055	-0.0439453
0.06	-0.0439453
0.065	-0.0439453
0.07	-0.0439453
0.075	-0.0439453
0.08	-0.0439453
0.085	-0.0439453
0.09	-0.0439453
0.095	-0.0439453
0.1	-0.0439453
0.105	-0.0439453
0.11	-0.0439453
0.115	-0.0439453
0.12	-0.0439453
0.125	-0.0439453
0.13	0
0.135	-0.0439453
0.14	0
0.145	-0.0439453
0.15	0
0.155	0
0.16	0
0.165	0
0.17	0
0.175	0
0.18	0
0.185	0
0.19	0.0439453
0.195	0.0439453
0.2	0.0439453
0.205	0.0878906
0.21	0.0439453
0.215	0.0878906
0.22	0.0878906
0.225	0.0878906
0.23	0.0878906
0.235	0.131836
0.24	0.131836
0.245	0.131836
0.25	0.175781
0.255	0.131836
0.26	0.219727
0.265	0.175781
0.27	0.219727
0.275	0.219727
0.28	0.263672
0.285	0.219727
0.29	0.219727
0.295	0.263672
0.3	0.263672
0.305	0.307617
0.31	0.307617
0.315	0.307617
0.32	0.351562
0.325	0.351562
0.33	0.351562
0.335	0.351562
0.34	0.395508
0.345	0.395508
0.35	0.395508
0.355	0.439453
0.36	0.439453
0.365	0.439453
0.37	0.483398
0.375	0.439453
0.38	0.527344
0.385	0.527344
0.39	0.527344
0.395	0.571289
0.4	0.571289
0.405	0.615234
0.41	0.615234
0.415	0.615234
0.42	0.615234
0.425	0.615234
0.43	0.65918
0.435	0.65918
0.44	0.65918
0.445	0.65918
0.45	0.65918
0.455	0.65918
0.46	0.65918
0.465	0.65918
0.47	0.703125
0.475	0.703125
0.48	0.703125
0.485	0.703125
0.49	0.703125
0.495	0.703125
0.5	0.703125
0.505	0.703125
0.51	0.703125
0.515	0.703125
0.52	0.74707
0.525	0.74707
0.53	0.74707
0.535	0.74707
0.54	0.74707
0.545	0.74707
0.55	0.74707
0.555	0.74707
0.56	0.74707
0.565	0.791016
0.57	0.791016
0.575	0.791016
0.58	0.791016
0.585	0.791016
0.59	0.791016
0.595	0.791016
0.6	0.791016
0.605	0.791016
0.61	0.791016
0.615	0.834961
0.62	0.834961
0.625	0.834961
0.63	0.834961
0.635	0.834961
0.64	0.834961
0.645	0.834961
0.65	0.834961
0.655	0.834961
0.66	0.834961
0.665	0.834961
0.67	0.834961
0.675	0.834961
0.68	0.834961
0.685	0.834961
0.69	0.834961
0.695	0.834961
0.7	0.834961
0.705	0.834961
0.71	0.834961
0.715	0.834961
0.72	0.834961
0.725	0.834961
0.73	0.834961
0.735	0.834961
0.74	0.834961
0.745	0.834961
0.75	0.834961
0.755	0.834961
0.76	0.834961
0.765	0.834961
0.77	0.834961
0.775	0.834961
0.78	0.834961
0.785	0.834961
0.79	0.834961
0.795	0.834961
0.8	0.834961
0.805	0.834961
0.81	0.834961
0.815	0.834961
0.82	0.834961
0.825	0.834961
0.83	0.834961
0.835	0.834961
0.84	0.834961
0.845	0.834961
0.85	0.834961
0.855	0.834961
0.86	0.834961
0.865	0.834961
0.87	0.834961
0.875	0.834961
0.88	0.834961
0.885	0.834961
0.89	0.834961
0.895	0.834961
0.9	0.834961
0.905	0.834961
0.91	0.834961
0.915	0.834961
0.92	0.834961
0.925	0.834961
0.93	0.834961
0.935	0.834961
0.94	0.834961
0.945	0.834961
0.95	0.834961
0.955	0.834961
0.96	0.834961
0.965	0.834961
0.97	0.834961
0.975	0.834961
0.98	0.834961
0.985	0.834961
0.99	0.834961
0.995	0.834961
1	0.834961
1.005	0.834961
1.01	0.834961
1.015	0.834961
1.02	0.834961
1.025	0.834961
1.03	0.834961
1.035	0.834961
1.04	0.834961
1.045	0.834961
1.05	0.834961
1.055	0.834961
1.06	0.834961
1.065	0.834961
1.07	0.834961
1.075	0.878906
1.08	0.878906
1.085	0.878906
1.09	0.878906
1.095	0.878906
1.1	0.878906
1.105	0.878906
1.11	0.878906
1.115	0.878906
1.12	0.878906
1.125	0.922852
1.13	0.922852
1.135	0.922852
1.14	0.922852
1.145	0.922852
1.15	0.922852
1.155	0.922852
1.16	0.966797
1.165	0.966797
1.17	0.966797
1.175	0.966797
1.18	0.966797
1.185	0.966797
1.19	0.966797
1.195	1.01074
1.2	1.01074
1.205	1.01074
1.21	1.01074
1.215	1.05469
1.22	1.05469
1.225	1.05469
1.23	1.05469
1.235	1.05469
1.24	1.09863
1.245	1.09863
1.25	1.09863
1.255	1.09863
1.26	1.09863
1.265	1.14258
1.27	1.14258
1.275	1.14258
1.28	1.14258
1.285	1.18652
1.29	1.18652
1.295	1.18652
1.3	1.23047
1.305	1.23047
1.31	1.23047
1.315	1.27441
1.32	1.27441
1.325	1.27441
1.33	1.31836
1.335	1.31836
1.34	1.31836
1.345	1.3623
1.35	1.3623
1.355	1.40625
1.36	1.4502
1.365	1.4502
1.37	1.53809
1.375	1.53809
1.38	1.58203
1.385	1.62598
1.39	1.62598
1.395	1.66992
1.4	1.66992
1.405	1.71387
1.41	1.75781
1.415	1.80176
1.42	1.80176
1.425	1.8457
1.43	1.8457
1.435	1.88965
1.44	1.93359
1.445	1.93359
1.45	1.97754
1.455	2.06543
1.46	2.06543
1.465	2.10938
1.47	2.15332
1.475	2.15332
1.48	2.19727
1.485	2.24121
1.49	2.28516
1.495	2.28516
1.5	2.37305
1.505	2.41699
1.51	2.41699
1.515	2.50488
1.52	2.54883
1.525	2.63672
1.53	2.68066
1.535	2.72461
1.54	2.8125
1.545	2.85645
1.55	2.85645
1.555	2.98828
1.56	2.98828
1.565	3.12012
1.57	3.12012
1.575	3.16406
1.58	3.25195
1.585	3.2959
1.59	3.33984
1.595	3.47168
1.6	3.47168
1.605	3.51563
1.61	3.64746
1.615	3.69141
1.62	3.69141
1.625	3.82324
1.63	3.86719
1.635	3.91113
1.64	3.99902
1.645	4.04297
1.65	4.08691
1.655	4.1748
1.66	4.21875
1.665	4.35059
1.67	4.39453
1.675	4.52637
1.68	4.57031
1.685	4.6582
1.69	4.70215
1.695	4.74609
1.7	4.87793
1.705	4.92188
1.71	4.96582
1.715	5.00977
1.72	5.05371
1.725	5.09766
1.73	5.22949
1.735	5.27344
1.74	5.36133
1.745	5.40527
1.75	5.44922
1.755	5.53711
1.76	5.58105
1.765	5.625
1.77	5.71289
1.775	5.75684
1.78	5.80078
1.785	5.93262
1.79	5.97656
1.795	6.06445
1.8	6.1084
1.805	6.15234
1.81	6.24023
1.815	6.28418
1.82	6.32812
1.825	6.41602
1.83	6.45996
1.835	6.50391
1.84	6.5918
1.845	6.67969
1.85	6.81152
1.855	6.85547
1.86	6.85547
1.865	7.03125
1.87	7.03125
1.875	7.11914
1.88	7.16309
1.885	7.20703
1.89	7.29492
1.895	7.42676
1.9	7.4707
1.905	7.55859
1.91	7.60254
1.915	7.60254
1.92	7.73437
1.925	7.73437
1.93	7.77832
1.935	7.91016
1.94	7.91016
1.945	7.9541
1.95	8.04199
1.955	8.08594
1.96	8.12988
1.965	8.26172
1.97	8.30566
1.975	8.39355
1.98	8.4375
1.985	8.48145
1.99	8.56934
1.995	8.61328
2	8.65723
2.005	8.74512
2.01	8.78906
2.015	8.83301
2.02	8.9209
2.025	8.96484
2.03	9.00879
2.035	9.09668
2.04	9.14063
2.045	9.18457
2.05	9.27246
2.055	9.31641
2.06	9.36035
2.065	9.44824
2.07	9.49219
2.075	9.62402
2.08	9.66797
2.085	9.71191
2.09	9.84375
2.095	9.8877
2.1	9.93164
2.105	10.0195
2.11	10.0635
2.115	10.1953
2.12	10.2393
2.125	10.3271
2.13	10.3711
2.135	10.415
2.14	10.5029
2.145	10.5469
2.15	10.5908
2.155	10.7227
2.16	10.7227
2.165	10.8105
2.17	10.8545
2.175	10.8984
2.18	10.9424
2.185	11.0303
2.19	11.0742
2.195	11.1621
2.2	11.2061
2.205	11.25
2.21	11.3818
2.215	11.3818
2.22	11.4258
2.225	11.5137
2.23	11.5576
2.235	11.6016
2.24	11.6455
2.245	11.6895
2.25	11.7334
2.255	11.8213
2.26	11.8652
2.265	11.9531
2.27	11.9971
2.275	12.041
2.28	12.085
2.285	12.1289
2.29	12.1729
2.295	12.2607
2.3	12.3047
2.305	12.3047
2.31	12.3926
2.315	12.4365
2.32	12.4805
2.325	12.5684
2.33	12.6123
2.335	12.6562
2.34	12.7441
2.345	12.7881
2.35	12.7881
2.355	12.9199
2.36	12.9639
2.365	12.9639
2.37	13.0518
2.375	13.0957
2.38	13.1396
2.385	13.1836
2.39	13.2275
2.395	13.3154
2.4	13.3594
2.405	13.4033
2.41	13.4912
2.415	13.5352
2.42	13.5352
2.425	13.623
2.43	13.667
2.435	13.667
2.44	13.7549
2.445	13.7549
2.45	13.7988
2.455	13.8867
2.46	13.8867
2.465	13.9307
2.47	14.0186
2.475	14.0625
2.48	14.0625
2.485	14.1064
2.49	14.1504
2.495	14.1504
2.5	14.2383
2.505	14.2822
2.51	14.2822
2.515	14.3701
2.52	14.4141
2.525	14.4141
2.53	14.502
2.535	14.502
2.54	14.5898
2.545	14.5898
2.55	14.6338
2.555	14.6777
2.56	14.7217
2.565	14.7656
2.57	14.8535
2.575	14.8535
2.58	14.9414
2.585	14.9414
2.59	14.9854
2.595	15.0293
2.6	15.0293
2.605	15.0732
2.61	15.1172
2.615	15.1611
2.62	15.2051
2.625	15.249
2.63	15.249
2.635	15.293
2.64	15.3369
2.645	15.3809
2.65	15.4248
2.655	15.4248
2.66	15.4687
2.665	15.5566
2.67	15.5566
2.675	15.6006
2.68	15.6445
2.685	15.6885
2.69	15.6885
2.695	15.7324
2.7	15.7764
2.705	15.8203
2.71	15.8203
2.715	15.8643
2.72	15.8643
2.725	15.9082
2.73	15.9521
2.735	15.9961
2.74	15.9961
2.745	16.04
2.75	16.084
2.755	16.084
2.76	16.1279
2.765	16.1719
2.77	16.2158
2.775	16.2598
2.78	16.2598
2.785	16.2598
2.79	16.3037
2.795	16.3477
2.8	16.3916
2.805	16.3916
2.81	16.4795
2.815	16.4795
2.82	16.5234
2.825	16.5234
2.83	16.5674
2.835	16.5674
2.84	16.6113
2.845	16.6553
2.85	16.6553
2.855	16.6992
2.86	16.6992
2.865	16.7432
2.87	16.7432
2.875	16.7871
2.88	16.7871
2.885	16.8311
2.89	16.875
2.895	16.875
2.9	16.9189
2.905	16.9189
2.91	16.9629
2.915	16.9629
2.92	17.0068
2.925	17.0508
2.93	17.0508
2.935	17.0508
2.94	17.0947
2.945	17.1387
2.95	17.1387
2.955	17.1826
2.96	17.1826
2.965	17.1826
2.97	17.2266
2.975	17.2266
2.98	17.2705
2.985	17.3145
2.99	17.3145
2.995	17.3584
3	17.3584
3.005	17.4023
3.01	17.4023
3.015	17.4023
3.02	17.4463
3.025	17.4902
3.03	17.4902
3.035	17.5342
3.04	17.5342
3.045	17.5342
3.05	17.5781
3.055	17.6221
3.06	17.6221
3.065	17.666
3.07	17.666
3.075	17.71
3.08	17.71
3.085	17.7539
3.09	17.7539
3.095	17.7979
3.1	17.7979
3.105	17.8418
3.11	17.8418
3.115	17.8418
3.12	17.8857
3.125	17.8857
3.13	17.8857
3.135	17.9297
3.14	17.9297
3.145	17.9297
3.15	17.9736
3.155	17.9736
3.16	17.9736
3.165	18.0176
3.17	18.0176
3.175	18.0176
3.18	18.0176
3.185	18.0615
3.19	18.1055
3.195	18.1055
3.2	18.1055
3.205	18.1494
3.21	18.1494
3.215	18.1494
3.22	18.1494
3.225	18.1934
3.23	18.1934
3.235	18.1934
3.24	18.2373
3.245	18.2373
3.25	18.2373
3.255	18.2373
3.26	18.2813
3.265	18.2813
3.27	18.2813
3.275	18.2813
3.28	18.3252
3.285	18.3252
3.29	18.3691
3.295	18.3691
3.3	18.3691
3.305	18.4131
3.31	18.4131
3.315	18.4131
3.32	18.4131
3.325	18.457
3.33	18.457
3.335	18.457
3.34	18.457
3.345	18.501
3.35	18.501
3.355	18.501
3.36	18.501
3.365	18.5449
3.37	18.5449
3.375	18.5449
3.38	18.5449
3.385	18.5449
3.39	18.5449
3.395	18.5889
3.4	18.5889
3.405	18.5889
3.41	18.5889
3.415	18.5889
3.42	18.6328
3.425	18.6328
3.43	18.6328
3.435	18.6328
3.44	18.6328
3.445	18.6768
3.45	18.6768
3.455	18.6768
3.46	18.6768
3.465	18.6768
3.47	18.7207
3.475	18.7207
3.48	18.7207
3.485	18.7207
3.49	18.7207
3.495	18.7207
3.5	18.7646
3.505	18.7646
3.51	18.7646
3.515	18.7646
3.52	18.7646
3.525	18.7646
3.53	18.8086
3.535	18.8086
3.54	18.8086
3.545	18.8086
3.55	18.8086
3.555	18.8086
3.56	18.8525
3.565	18.8525
3.57	18.8525
3.575	18.8525
3.58	18.8525
3.585	18.8525
3.59	18.8965
3.595	18.8965
3.6	18.8965
3.605	18.8965
3.61	18.8965
3.615	18.8965
3.62	18.8965
3.625	18.8965
3.63	18.8965
3.635	18.8965
3.64	18.8965
3.645	18.9404
3.65	18.9404
3.655	18.9404
3.66	18.9404
3.665	18.9404
3.67	18.9404
3.675	18.9404
3.68	18.9404
3.685	18.9404
3.69	18.9844
3.695	18.9844
3.7	18.9844
3.705	18.9844
3.71	18.9844
3.715	18.9844
3.72	18.9844
3.725	18.9844
3.73	18.9844
3.735	18.9844
3.74	18.9844
3.745	18.9844
3.75	18.9844
3.755	18.9844
3.76	18.9844
3.765	18.9844
3.77	18.9844
3.775	18.9844
3.78	18.9844
3.785	18.9844
3.79	19.0283
3.795	19.0283
3.8	18.9844
3.805	19.0283
3.81	19.0283
3.815	18.9844
3.82	19.0283
3.825	19.0283
3.83	19.0283
3.835	19.0283
3.84	19.0283
3.845	19.0283
3.85	19.0283
3.855	19.0283
3.86	19.0283
3.865	19.0283
3.87	19.0283
3.875	19.0283
3.88	19.0283
3.885	19.0283
3.89	19.0283
3.895	19.0283
3.9	19.0283
3.905	19.0283
3.91	19.0283
3.915	19.0283
3.92	19.0283
3.925	19.0283
3.93	19.0283
3.935	19.0283
3.94	19.0283
3.945	19.0283
3.95	19.0283
3.955	19.0283
3.96	19.0283
3.965	19.0283
3.97	19.0283
3.975	19.0283
3.98	19.0283
3.985	19.0283
3.99	19.0283
3.995	19.0283
4	19.0283
4.005	19.0283
4.01	19.0283
4.015	19.0283
4.02	19.0283
4.025	19.0283
4.03	19.0283
4.035	19.0283
4.04	19.0283
4.045	19.0283
4.05	19.0283
4.055	19.0283
4.06	19.0283
4.065	19.0283
4.07	19.0283
4.075	19.0283
4.08	18.9844
4.085	18.9844
4.09	18.9844
4.095	18.9844
4.1	18.9844
4.105	18.9844
4.11	18.9844
4.115	18.9844
4.12	18.9844
4.125	18.9844
4.13	18.9844
4.135	18.9844
4.14	18.9844
4.145	18.9844
4.15	18.9844
4.155	18.9844
4.16	18.9844
4.165	18.9844
4.17	18.9844
4.175	18.9844
4.18	18.9844
4.185	18.9404
4.19	18.9844
4.195	18.9844
4.2	18.9404
4.205	18.9404
4.21	18.9404
4.215	18.9404
4.22	18.9404
4.225	18.9404
4.23	18.9404
4.235	18.9404
4.24	18.9404
4.245	18.9404
4.25	18.9404
4.255	18.9404
4.26	18.8965
4.265	18.8965
4.27	18.8965
4.275	18.8965
4.28	18.8965
4.285	18.8965
4.29	18.8965
4.295	18.8965
4.3	18.8965
4.305	18.8965
4.31	18.8965
4.315	18.8965
4.32	18.8525
4.325	18.8525
4.33	18.8525
4.335	18.8525
4.34	18.8525
4.345	18.8525
4.35	18.8525
4.355	18.8525
4.36	18.8525
4.365	18.8525
4.37	18.8525
4.375	18.8525
4.38	18.8525
4.385	18.8086
4.39	18.8086
4.395	18.8086
4.4	18.8086
4.405	18.8086
4.41	18.8086
4.415	18.8086
4.42	18.8086
4.425	18.7646
4.43	18.7646
4.435	18.7646
4.44	18.7646
4.445	18.7646
4.45	18.7646
4.455	18.7646
4.46	18.7646
4.465	18.7646
4.47	18.7646
4.475	18.7207
4.48	18.7207
4.485	18.7207
4.49	18.7207
4.495	18.7207
4.5	18.7207
4.505	18.7207
4.51	18.7207
4.515	18.6768
4.52	18.6768
4.525	18.6768
4.53	18.6768
4.535	18.6768
4.54	18.6768
4.545	18.6768
4.55	18.6768
4.555	18.6768
4.56	18.6768
4.565	18.6328
4.57	18.6328
4.575	18.6328
4.58	18.6328
4.585	18.6328
4.59	18.6328
4.595	18.6328
4.6	18.6328
4.605	18.6328
4.61	18.6328
4.615	18.5889
4.62	18.5889
4.625	18.5889
4.63	18.5889
4.635	18.5889
4.64	18.5889
4.645	18.5889
4.65	18.5889
4.655	18.5449
4.66	18.5449
4.665	18.5449
4.67	18.5449
4.675	18.5449
4.68	18.5449
4.685	18.5449
4.69	18.5449
4.695	18.5449
4.7	18.501
4.705	18.501
4.71	18.501
4.715	18.501
4.72	18.501
4.725	18.501
4.73	18.501
4.735	18.501
4.74	18.501
4.745	18.457
4.75	18.457
4.755	18.457
4.76	18.457
4.765	18.457
4.77	18.4131
4.775	18.457
4.78	18.4131
4.785	18.4131
4.79	18.4131
4.795	18.4131
4.8	18.4131
4.805	18.4131
4.81	18.4131
4.815	18.3691
4.82	18.3691
4.825	18.3691
4.83	18.3691
4.835	18.3691
4.84	18.3691
4.845	18.3691
4.85	18.3691
4.855	18.3691
4.86	18.3691
4.865	18.3252
4.87	18.3252
4.875	18.3252
4.88	18.3252
4.885	18.3252
4.89	18.3252
4.895	18.3252
4.9	18.3252
4.905	18.3252
4.91	18.2813
4.915	18.2813
4.92	18.2813
4.925	18.2813
4.93	18.2813
4.935	18.2813
4.94	18.2813
4.945	18.2813
4.95	18.2373
4.955	18.2373
4.96	18.2373
4.965	18.2373
4.97	18.2373
4.975	18.2373
4.98	18.2373
4.985	18.1934
4.99	18.1934
4.995	18.1934
5	18.1934
5.005	18.1934
5.01	18.1934
5.015	18.1494
5.02	18.1494
5.025	18.1494
5.03	18.1494
5.035	18.1494
5.04	18.1494
5.045	18.1494
5.05	18.1494
5.055	18.1494
5.06	18.1494
5.065	18.1494
5.07	18.1494
5.075	18.1055
5.08	18.1055
5.085	18.1055
5.09	18.1055
5.095	18.1055
5.1	18.1055
5.105	18.1055
5.11	18.1055
5.115	18.1055
5.12	18.1055
5.125	18.1055
5.13	18.1055
5.135	18.1055
5.14	18.1055
5.145	18.1055
5.15	18.1055
5.155	18.1055
5.16	18.1055
5.165	18.1055
5.17	18.1055
5.175	18.1055
5.18	18.1055
5.185	18.1055
5.19	18.1055
5.195	18.1055
5.2	18.1055
5.205	18.1055
5.21	18.1055
5.215	18.1055
5.22	18.1055
5.225	18.1055
5.23	18.1055
5.235	18.1055
5.24	18.1055
5.245	18.1055
5.25	18.1494
5.255	18.1055
5.26	18.1055
5.265	18.1494
5.27	18.1055
5.275	18.1055
5.28	18.1494
5.285	18.1055
5.29	18.1055
5.295	18.1494
5.3	18.1494
5.305	18.1494
5.31	18.1494
5.315	18.1494
5.32	18.1494
5.325	18.1055
5.33	18.1055
5.335	18.1934
5.34	18.1055
5.345	18.1494
5.35	18.1494
5.355	18.1494
5.36	18.1494
5.365	18.1494
5.37	18.1494
5.375	18.1494
5.38	18.1494
5.385	18.1494
5.39	18.1494
5.395	18.1494
5.4	18.1494
5.405	18.1055
5.41	18.1055
5.415	18.1055
5.42	18.1055
5.425	18.1055
5.43	18.1055
5.435	18.1055
5.44	18.1055
5.445	18.1055
5.45	18.1055
5.455	18.1055
5.46	18.1055
5.465	18.0615
5.47	18.0615
5.475	18.0615
5.48	18.0615
5.485	18.0615
5.49	18.0176
5.495	18.0176
5.5	18.0176
5.505	18.0176
5.51	17.9736
5.515	17.9736
5.52	17.9736
5.525	17.9736
5.53	17.9297
5.535	17.9297
5.54	17.9297
5.545	17.9297
5.55	17.8857
5.555	17.8857
5.56	17.8857
5.565	17.8418
5.57	17.8418
5.575	17.8418
5.58	17.8418
5.585	17.7979
5.59	17.7979
5.595	17.7979
5.6	17.7979
5.605	17.7539
5.61	17.7539
5.615	17.7539
5.62	17.7539
5.625	17.71
5.63	17.71
5.635	17.71
5.64	17.71
5.645	17.71
5.65	17.666
5.655	17.666
5.66	17.666
5.665	17.666
5.67	17.6221
5.675	17.6221
5.68	17.6221
5.685	17.6221
5.69	17.5781
5.695	17.5781
5.7	17.5781
5.705	17.5781
5.71	17.5342
5.715	17.5342
5.72	17.5342
5.725	17.5342
5.73	17.5342
5.735	17.4902
5.74	17.4902
5.745	17.4902
5.75	17.4902
5.755	17.4902
5.76	17.4463
5.765	17.4463
5.77	17.4463
5.775	17.4463
5.78	17.4463
5.785	17.4463
5.79	17.4023
5.795	17.4023
5.8	17.4023
5.805	17.4023
5.81	17.4023
5.815	17.4023
5.82	17.4023
5.825	17.3584
5.83	17.3584
5.835	17.3584
5.84	17.3584
5.845	17.3584
5.85	17.3584
5.855	17.3584
5.86	17.3584
5.865	17.3584
5.87	17.3584
5.875	17.3584
5.88	17.3584
5.885	17.3584
5.89	17.3584
5.895	17.3145
5.9	17.3145
5.905	17.3145
5.91	17.3145
5.915	17.3145
5.92	17.3145
5.925	17.3145
5.93	17.3145
5.935	17.3145
5.94	17.3145
5.945	17.3145
5.95	17.3145
5.955	17.3584
5.96	17.3145
5.965	17.3584
5.97	17.3584
5.975	17.3584
5.98	17.3584
5.985	17.3584
5.99	17.3584
5.995	17.3584
6	17.3584
6.005	17.3584
6.01	17.3584
6.015	17.3584
6.02	17.3584
6.025	17.3584
6.03	17.3584
6.035	17.3584
6.04	17.3584
6.045	17.3584
6.05	17.3584
6.055	17.4023
6.06	17.4023
6.065	17.4023
6.07	17.4023
6.075	17.4023
6.08	17.4023
6.085	17.4023
6.09	17.4023
6.095	17.4023
6.1	17.4023
6.105	17.4463
6.11	17.4463
6.115	17.4463
6.12	17.4463
6.125	17.4463
6.13	17.4463
6.135	17.4463
6.14	17.4463
6.145	17.4902
6.15	17.4902
6.155	17.4902
6.16	17.4902
6.165	17.4902
6.17	17.4902
6.175	17.4902
6.18	17.4902
6.185	17.4902
6.19	17.4902
6.195	17.5342
6.2	17.5342
6.205	17.5342
6.21	17.5342
6.215	17.5342
6.22	17.5342
6.225	17.5342
6.23	17.5781
6.235	17.5781
6.24	17.5781
6.245	17.5781
6.25	17.5781
6.255	17.5781
6.26	17.5781
6.265	17.5781
6.27	17.5781
6.275	17.5781
6.28	17.5781
6.285	17.6221
6.29	17.6221
6.295	17.6221
6.3	17.6221
6.305	17.6221
6.31	17.6221
6.315	17.6221
6.32	17.6221
6.325	17.6221
6.33	17.6221
6.335	17.6221
6.34	17.6221
6.345	17.6221
6.35	17.6221
6.355	17.666
6.36	17.666
6.365	17.666
6.37	17.666
6.375	17.666
6.38	17.666
6.385	17.666
6.39	17.666
6.395	17.666
6.4	17.666
6.405	17.666
6.41	17.666
6.415	17.666
6.42	17.666
6.425	17.666
6.43	17.666
6.435	17.666
6.44	17.666
6.445	17.71
6.45	17.71
6.455	17.71
6.46	17.71
6.465	17.71
6.47	17.71
6.475	17.71
6.48	17.71
6.485	17.71
6.49	17.71
6.495	17.71
6.5	17.71
6.505	17.71
6.51	17.71
6.515	17.71
6.52	17.71
6.525	17.71
6.53	17.71
6.535	17.71
6.54	17.71
6.545	17.71
6.55	17.71
6.555	17.71
6.56	17.71
6.565	17.71
6.57	17.71
6.575	17.71
6.58	17.71
6.585	17.71
6.59	17.71
6.595	17.71
6.6	17.71
6.605	17.71
6.61	17.71
6.615	17.71
6.62	17.71
6.625	17.71
6.63	17.71
6.635	17.71
6.64	17.71
6.645	17.71
6.65	17.71
6.655	17.71
6.66	17.71
6.665	17.71
6.67	17.71
6.675	17.71
6.68	17.71
6.685	17.71
6.69	17.71
6.695	17.71
6.7	17.71
6.705	17.71
6.71	17.71
6.715	17.71
6.72	17.71
6.725	17.71
6.73	17.71
6.735	17.71
6.74	17.71
6.745	17.71
6.75	17.71
6.755	17.71
6.76	17.71
6.765	17.71
6.77	17.71
6.775	17.71
6.78	17.71
6.785	17.71
6.79	17.71
6.795	17.666
6.8	17.666
6.805	17.666
6.81	17.666
6.815	17.666
6.82	17.666
6.825	17.666
6.83	17.666
6.835	17.666
6.84	17.666
6.845	17.666
6.85	17.666
6.855	17.666
6.86	17.666
6.865	17.666
6.87	17.666
6.875	17.666
6.88	17.666
6.885	17.666
6.89	17.666
6.895	17.666
6.9	17.666
6.905	17.666
6.91	17.6221
6.915	17.6221
6.92	17.6221
6.925	17.6221
6.93	17.6221
6.935	17.6221
6.94	17.6221
6.945	17.6221
6.95	17.6221
6.955	17.6221
6.96	17.6221
6.965	17.6221
6.97	17.6221
6.975	17.5781
6.98	17.5781
6.985	17.5781
6.99	17.5781
6.995	17.5781
7	17.5781
7.005	17.5781
7.01	17.5781
7.015	17.5781
7.02	17.5781
7.025	17.5781
7.03	17.5781
7.035	17.5342
7.04	17.5342
7.045	17.5342
7.05	17.5342
7.055	17.5342
7.06	17.5342
7.065	17.5342
7.07	17.5342
7.075	17.5342
7.08	17.5342
7.085	17.5342
7.09	17.5342
7.095	17.4902
7.1	17.4902
7.105	17.4902
7.11	17.4902
7.115	17.4902
7.12	17.4902
7.125	17.4902
7.13	17.4902
7.135	17.4902
7.14	17.4463
7.145	17.4463
7.15	17.4463
7.155	17.4463
7.16	17.4463
7.165	17.4463
7.17	17.4463
7.175	17.4463
7.18	17.4463
7.185	17.4023
7.19	17.4023
7.195	17.4023
7.2	17.4023
7.205	17.4023
7.21	17.4023
7.215	17.4023
7.22	17.4023
7.225	17.3584
7.23	17.3584
7.235	17.3584
7.24	17.3584
7.245	17.3584
7.25	17.3584
7.255	17.3584
7.26	17.3584
7.265	17.3584
7.27	17.3145
7.275	17.3145
7.28	17.3145
7.285	17.3145
7.29	17.3145
7.295	17.3145
7.3	17.3145
7.305	17.3145
7.31	17.3145
7.315	17.2705
7.32	17.2705
7.325	17.2705
7.33	17.2705
7.335	17.2705
7.34	17.2705
7.345	17.2705
7.35	17.2266
7.355	17.2266
7.36	17.2266
7.365	17.2266
7.37	17.2266
7.375	17.2266
7.38	17.2266
7.385	17.2266
7.39	17.1826
7.395	17.1826
7.4	17.1826
7.405	17.1826
7.41	17.1826
7.415	17.1826
7.42	17.1826
7.425	17.1387
7.43	17.1387
7.435	17.1387
7.44	17.1387
7.445	17.1387
7.45	17.0947
7.455	17.0947
7.46	17.0947
7.465	17.0947
7.47	17.0947
7.475	17.0947
7.48	17.0947
7.485	17.0947
7.49	17.0508
7.495	17.0508
7.5	17.0508
7.505	17.0508
7.51	17.0508
7.515	17.0508
7.52	17.0508
7.525	17.0508
7.53	17.0068
7.535	17.0068
7.54	17.0068
7.545	17.0068
7.55	17.0068
7.555	17.0068
7.56	17.0068
7.565	17.0068
7.57	16.9629
7.575	16.9629
7.58	16.9629
7.585	16.9629
7.59	16.9629
7.595	16.9629
7.6	16.9629
7.605	16.9629
7.61	16.9629
7.615	16.9189
7.62	16.9189
7.625	16.9189
7.63	16.9189
7.635	16.9189
7.64	16.9189
7.645	16.9189
7.65	16.9189
7.655	16.875
7.66	16.875
7.665	16.875
7.67	16.875
7.675	16.875
7.68	16.875
7.685	16.875
7.69	16.8311
7.695	16.8311
7.7	16.8311
7.705	16.8311
7.71	16.8311
7.715	16.8311
7.72	16.8311
7.725	16.8311
7.73	16.7871
7.735	16.7871
7.74	16.7871
7.745	16.7871
7.75	16.7871
7.755	16.7871
7.76	16.7871
7.765	16.7871
7.77	16.7871
7.775	16.7432
7.78	16.7432
7.785	16.7432
7.79	16.7432
7.795	16.7432
7.8	16.7432
7.805	16.7432
7.81	16.6992
7.815	16.6992
7.82	16.6992
7.825	16.6992
7.83	16.6992
7.835	16.6992
7.84	16.6992
7.845	16.6992
7.85	16.6553
7.855	16.6553
7.86	16.6553
7.865	16.6553
7.87	16.6553
7.875	16.6553
7.88	16.6553
7.885	16.6113
7.89	16.6113
7.895	16.6113
7.9	16.6113
7.905	16.6113
7.91	16.6113
7.915	16.5674
7.92	16.5674
7.925	16.5674
7.93	16.5674
7.935	16.5674
7.94	16.5674
7.945	16.5674
7.95	16.5674
7.955	16.5234
7.96	16.5234
7.965	16.5234
7.97	16.5234
7.975	16.5234
7.98	16.5234
7.985	16.5234
7.99	16.5234
7.995	16.4795
8	16.4795
8.005	16.4795
8.01	16.4795
8.015	16.4795
8.02	16.4795
8.025	16.4795
8.03	16.4795
8.035	16.4795
8.04	16.4355
8.045	16.4355
8.05	16.4355
8.055	16.4355
8.06	16.4355
8.065	16.4355
8.07	16.4355
8.075	16.3916
8.08	16.3916
8.085	16.3916
8.09	16.3916
8.095	16.3916
8.1	16.3916
8.105	16.3916
8.11	16.3477
8.115	16.3477
8.12	16.3477
8.125	16.3477
8.13	16.3477
8.135	16.3477
8.14	16.3477
8.145	16.3037
8.15	16.3037
8.155	16.3037
8.16	16.3037
8.165	16.3037
8.17	16.3037
8.175	16.3037
8.18	16.2598
8.185	16.2598
8.19	16.2598
8.195	16.2598
8.2	16.2598
8.205	16.2598
8.21	16.2598
8.215	16.2598
8.22	16.2158
8.225	16.2158
8.23	16.2158
8.235	16.2158
8.24	16.2158
8.245	16.2158
8.25	16.2158
8.255	16.2158
8.26	16.2158
8.265	16.1719
8.27	16.1719
8.275	16.1719
8.28	16.1719
8.285	16.1719
8.29	16.1719
8.295	16.1719
8.3	16.1279
8.305	16.1279
8.31	16.1279
8.315	16.1279
8.32	16.1279
8.325	16.1279
8.33	16.1279
8.335	16.1279
8.34	16.084
8.345	16.084
8.35	16.084
8.355	16.084
8.36	16.084
8.365	16.084
8.37	16.084
8.375	16.084
8.38	16.04
8.385	16.04
8.39	16.04
8.395	16.04
8.4	16.04
8.405	16.04
8.41	16.04
8.415	15.9961
8.42	15.9961
8.425	15.9961
8.43	15.9961
8.435	15.9961
8.44	15.9961
8.445	15.9961
8.45	15.9961
8.455	15.9961
8.46	15.9521
8.465	15.9521
8.47	15.9521
8.475	15.9521
8.48	15.9521
8.485	15.9521
8.49	15.9521
8.495	15.9521
8.5	15.9521
8.505	15.9521
8.51	15.9082
8.515	15.9082
8.52	15.9082
8.525	15.9082
8.53	15.9082
8.535	15.9082
8.54	15.9082
8.545	15.9082
8.55	15.8643
8.555	15.8643
8.56	15.8643
8.565	15.8643
8.57	15.8643
8.575	15.8643
8.58	15.8643
8.585	15.8643
8.59	15.8643
8.595	15.8203
8.6	15.8203
8.605	15.8203
8.61	15.8203
8.615	15.8203
8.62	15.8203
8.625	15.8203
8.63	15.8203
8.635	15.8203
8.64	15.8203
8.645	15.7764
8.65	15.7764
8.655	15.7764
8.66	15.7764
8.665	15.7764
8.67	15.7764
8.675	15.7764
8.68	15.7764
8.685	15.7324
8.69	15.7324
8.695	15.7324
8.7	15.7324
8.705	15.7324
8.71	15.7324
8.715	15.7324
8.72	15.7324
8.725	15.7324
8.73	15.7324
8.735	15.7324
8.74	15.7324
8.745	15.6885
8.75	15.6885
8.755	15.6885
8.76	15.6885
8.765	15.6885
8.77	15.6885
8.775	15.6885
8.78	15.6885
8.785	15.6885
8.79	15.6885
8.795	15.6445
8.8	15.6445
8.805	15.6445
8.81	15.6445
8.815	15.6445
8.82	15.6445
8.825	15.6445
8.83	15.6445
8.835	15.6445
8.84	15.6006
8.845	15.6006
8.85	15.6006
8.855	15.6006
8.86	15.6006
8.865	15.6006
8.87	15.6006
8.875	15.6006
8.88	15.5566
8.885	15.5566
8.89	15.5566
8.895	15.5566
8.9	15.5566
8.905	15.5566
8.91	15.5566
8.915	15.5566
8.92	15.5566
8.925	15.5566
8.93	15.5566
8.935	15.5127
8.94	15.5127
8.945	15.5127
8.95	15.5127
8.955	15.5127
8.96	15.5127
8.965	15.5127
8.97	15.5127
8.975	15.5127
8.98	15.5127
8.985	15.5127
8.99	15.5127
8.995	15.5127
9	15.5127
9.005	15.4687
9.01	15.4687
9.015	15.4687
9.02	15.4687
9.025	15.4687
9.03	15.4687
9.035	15.4687
9.04	15.4687
9.045	15.4687
9.05	15.4687
9.055	15.4687
9.06	15.4687
9.065	15.4687
9.07	15.4687
9.075	15.4687
9.08	15.4248
9.085	15.4248
9.09	15.4248
9.095	15.4248
9.1	15.4248
9.105	15.4248
9.11	15.4248
9.115	15.4248
9.12	15.4248
9.125	15.4248
9.13	15.4248
9.135	15.4248
9.14	15.3809
9.145	15.3809
9.15	15.3809
9.155	15.3809
9.16	15.3809
9.165	15.3809
9.17	15.3809
9.175	15.3809
9.18	15.3809
9.185	15.3809
9.19	15.3809
9.195	15.3809
9.2	15.3809
9.205	15.3809
9.21	15.3809
9.215	15.3369
9.22	15.3369
9.225	15.3369
9.23	15.3369
9.235	15.3369
9.24	15.3369
9.245	15.3369
9.25	15.3369
9.255	15.3369
9.26	15.3369
9.265	15.3369
9.27	15.3369
9.275	15.3369
9.28	15.3369
9.285	15.3369
9.29	15.293
9.295	15.293
9.3	15.293
9.305	15.293
9.31	15.293
9.315	15.293
9.32	15.293
9.325	15.293
9.33	15.293
9.335	15.293
9.34	15.293
9.345	15.293
9.35	15.293
9.355	15.293
9.36	15.293
9.365	15.293
9.37	15.293
9.375	15.249
9.38	15.249
9.385	15.249
9.39	15.249
9.395	15.249
9.4	15.249
9.405	15.249
9.41	15.249
9.415	15.249
9.42	15.249
9.425	15.249
9.43	15.249
9.435	15.249
9.44	15.249
9.445	15.249
9.45	15.249
9.455	15.2051
9.46	15.2051
9.465	15.2051
9.47	15.2051
9.475	15.2051
9.48	15.2051
9.485	15.2051
9.49	15.2051
9.495	15.2051
9.5	15.2051
9.505	15.2051
9.51	15.2051
9.515	15.2051
9.52	15.2051
9.525	15.2051
9.53	15.1611
9.535	15.1611
9.54	15.1611
9.545	15.1611
9.55	15.1611
9.555	15.1611
9.56	15.1611
9.565	15.1611
9.57	15.1611
9.575	15.1611
9.58	15.1611
9.585	15.1611
9.59	15.1611
9.595	15.1611
9.6	15.1172
9.605	15.1172
9.61	15.1172
9.615	15.1172
9.62	15.1172
9.625	15.1172
9.63	15.1172
9.635	15.1172
9.64	15.1172
9.645	15.1172
9.65	15.1172
9.655	15.1172
9.66	15.1172
9.665	15.1172
9.67	15.1172
9.675	15.0732
9.68	15.0732
9.685	15.0732
9.69	15.0732
9.695	15.0732
9.7	15.0732
9.705	15.0732
9.71	15.0732
9.715	15.0732
9.72	15.0732
9.725	15.0732
9.73	15.0732
9.735	15.0732
9.74	15.0732
9.745	15.0732
9.75	15.0293
9.755	15.0293
9.76	15.0293
9.765	15.0293
9.77	15.0293
9.775	15.0293
9.78	15.0293
9.785	15.0293
9.79	15.0293
9.795	15.0293
9.8	15.0293
9.805	15.0293
9.81	15.0293
9.815	15.0293
9.82	15.0293
9.825	15.0293
9.83	14.9854
9.835	14.9854
9.84	14.9854
9.845	14.9854
9.85	14.9854
9.855	14.9854
9.86	14.9854
9.865	14.9854
9.87	14.9854
9.875	14.9854
9.88	14.9854
9.885	14.9854
9.89	14.9854
9.895	14.9854
9.9	14.9854
9.905	14.9414
9.91	14.9414
9.915	14.9414
9.92	14.9414
9.925	14.9414
9.93	14.9414
9.935	14.9414
9.94	14.9414
9.945	14.9414
9.95	14.9414
9.955	14.9414
9.96	14.9414
9.965	14.9414
9.97	14.9414
9.975	14.8975
9.98	14.8975
9.985	14.8975
9.99	14.8975
9.995	14.8975
10	14.8975
10.005	14.8975
10.01	14.8975
10.015	14.8975
10.02	14.8975
10.025	14.8975
10.03	14.8535
10.035	14.8535
10.04	14.8535
10.045	14.8535
10.05	14.8535
10.055	14.8096
10.06	14.8096
10.065	14.8096
10.07	14.7656
10.075	14.7656
10.08	14.7656
10.085	14.7656
10.09	14.7217
10.095	14.7217
10.1	14.6777
10.105	14.6777
10.11	14.6777
10.115	14.6338
10.12	14.6338
10.125	14.5898
10.13	14.5898
10.135	14.5459
10.14	14.5459
10.145	14.5459
10.15	14.502
10.155	14.502
10.16	14.458
10.165	14.458
10.17	14.458
10.175	14.4141
10.18	14.4141
10.185	14.4141
10.19	14.3701
10.195	14.3701
10.2	14.3701
10.205	14.3262
10.21	14.3262
10.215	14.3262
10.22	14.2822
10.225	14.2822
10.23	14.2822
10.235	14.2383
10.24	14.2383
10.245	14.2383
10.25	14.1943
10.255	14.1943
10.26	14.1504
10.265	14.1504
10.27	14.1504
10.275	14.1064
10.28	14.1064
10.285	14.1064
10.29	14.1064
10.295	14.1064
10.3	14.1064
10.305	14.0625
10.31	14.0625
10.315	14.0625
10.32	14.0625
10.325	14.0625
10.33	14.0625
10.335	14.0625
10.34	14.0625
10.345	14.0186
10.35	14.0186
10.355	14.0186
10.36	14.0186
10.365	14.0186
10.37	14.0186
10.375	14.0186
10.38	14.0186
10.385	13.9746
10.39	13.9746
10.395	13.9746
10.4	13.9746
10.405	13.9746
10.41	13.9746
10.415	13.9746
10.42	13.9307
10.425	13.9307
10.43	13.9307
10.435	13.9307
10.44	13.9307
10.445	13.8867
10.45	13.8867
10.455	13.8867
10.46	13.8867
10.465	13.8428
10.47	13.8428
10.475	13.7988
10.48	13.7988
10.485	13.7988
10.49	13.7549
10.495	13.7109
10.5	13.7109
10.505	13.667
10.51	13.667
10.515	13.667
10.52	13.623
10.525	13.5791
10.53	13.5791
10.535	13.4912
10.54	13.4912
10.545	13.3594
10.55	13.4033
10.555	13.3154
10.56	13.3154
10.565	13.2275
10.57	13.2275
10.575	13.1396
10.58	13.1396
10.585	13.0957
10.59	12.9639
10.595	12.9199
10.6	12.9199
10.605	12.7881
10.61	12.7881
10.615	12.7441
10.62	12.6123
10.625	12.5684
10.63	12.5684
10.635	12.4365
10.64	12.3926
10.645	12.3486
10.65	12.2168
10.655	12.2168
10.66	12.1289
10.665	12.041
10.67	11.9531
10.675	11.9531
10.68	11.8213
10.685	11.7334
10.69	11.7334
10.695	11.5576
10.7	11.4697
10.705	11.4258
10.71	11.2939
10.715	11.25
10.72	11.2061
10.725	11.0303
10.73	10.9863
10.735	10.9424
10.74	10.7666
10.745	10.7666
10.75	10.6787
10.755	10.5469
10.76	10.5029
10.765	10.459
10.77	10.2832
10.775	10.2393
10.78	10.0195
10.785	9.97559
10.79	9.93164
10.795	9.7998
10.8	9.75586
10.805	9.71191
10.81	9.53613
10.815	9.49219
10.82	9.44824
10.825	9.27246
10.83	9.22852
10.835	9.14063
10.84	8.9209
10.845	8.87695
10.85	8.70117
10.855	8.65723
10.86	8.61328
10.865	8.4375
10.87	8.39355
10.875	8.34961
10.88	8.21777
10.885	8.17383
10.89	8.08594
10.895	7.99805
10.9	7.9541
10.905	7.86621
10.91	7.69043
10.915	7.64648
10.92	7.60254
10.925	7.38281
10.93	7.29492
10.935	7.0752
10.94	7.03125
10.945	6.9873
10.95	6.72363
10.955	6.67969
10.96	6.50391
10.965	6.45996
10.97	6.41602
10.975	6.28418
10.98	6.24023
10.985	6.19629
10.99	6.02051
10.995	5.93262
11	5.88867
11.005	5.71289
11.01	5.66895
11.015	5.49316
11.02	5.44922
11.025	5.36133
11.03	5.18555
11.035	5.1416
11.04	5.09766
11.045	4.96582
11.05	4.92188
11.055	4.87793
11.06	4.70215
11.065	4.6582
11.07	4.57031
11.075	4.39453
11.08	4.35059
11.085	4.30664
11.09	4.13086
11.095	4.08691
11.1	3.99902
11.105	3.91113
11.11	3.86719
11.115	3.7793
11.12	3.64746
11.125	3.55957
11.13	3.33984
11.135	3.2959
11.14	3.25195
11.145	3.12012
11.15	3.07617
11.155	3.03223
11.16	2.90039
11.165	2.85645
11.17	2.8125
11.175	2.59277
11.18	2.54883
11.185	2.46094
11.19	2.28516
11.195	2.19727
11.2	2.06543
11.205	1.97754
11.21	1.93359
11.215	1.8457
11.22	1.75781
11.225	1.71387
11.23	1.62598
11.235	1.58203
11.24	1.53809
11.245	1.40625
11.25	1.3623
11.255	1.31836
11.26	1.09863
11.265	1.05469
11.27	0.878906
11.275	0.834961
11.28	0.791016
11.285	0.703125
11.29	0.65918
11.295	0.615234
11.3	0.439453
11.305	0.395508
11.31	0.351562
11.315	0.219727
11.32	0.175781
11.325	0.131836
11.33	0
11.335	-0.0439453
11.34	-0.0878906
11.345	-0.219727
11.35	-0.263672
11.355	-0.307617
11.36	-0.395508
11.365	-0.483398
11.37	-0.527344
11.375	-0.65918
11.38	-0.703125
11.385	-0.74707
11.39	-0.834961
11.395	-0.878906
11.4	-0.922852
11.405	-1.05469
11.41	-1.09863
11.415	-1.27441
11.42	-1.31836
11.425	-1.3623
11.43	-1.4502
11.435	-1.49414
11.44	-1.53809
11.445	-1.58203
11.45	-1.62598
11.455	-1.66992
11.46	-1.80176
11.465	-1.8457
11.47	-1.88965
11.475	-1.97754
11.48	-2.02148
11.485	-2.06543
11.49	-2.15332
11.495	-2.19727
11.5	-2.24121
11.505	-2.3291
11.51	-2.37305
11.515	-2.41699
11.52	-2.50488
11.525	-2.50488
11.53	-2.54883
11.535	-2.63672
11.54	-2.68066
11.545	-2.72461
11.55	-2.8125
11.555	-2.85645
11.56	-2.90039
11.565	-2.98828
11.57	-2.98828
11.575	-3.03223
11.58	-3.12012
11.585	-3.16406
11.59	-3.25195
11.595	-3.25195
11.6	-3.2959
11.605	-3.38379
11.61	-3.42773
11.615	-3.47168
11.62	-3.51563
11.625	-3.55957
11.63	-3.60352
11.635	-3.64746
11.64	-3.69141
11.645	-3.73535
11.65	-3.82324
11.655	-3.86719
11.66	-3.91113
11.665	-3.95508
11.67	-3.99902
11.675	-4.04297
11.68	-4.13086
11.685	-4.1748
11.69	-4.21875
11.695	-4.30664
11.7	-4.30664
11.705	-4.43848
11.71	-4.43848
11.715	-4.48242
11.72	-4.57031
11.725	-4.57031
11.73	-4.61426
11.735	-4.70215
11.74	-4.74609
11.745	-4.74609
11.75	-4.83398
11.755	-4.87793
11.76	-4.87793
11.765	-4.92188
11.77	-4.96582
11.775	-5.00977
11.78	-5.05371
11.785	-5.09766
11.79	-5.1416
11.795	-5.18555
11.8	-5.18555
11.805	-5.27344
11.81	-5.31738
11.815	-5.31738
11.82	-5.40527
11.825	-5.40527
11.83	-5.44922
11.835	-5.53711
11.84	-5.58105
11.845	-5.625
11.85	-5.66895
11.855	-5.66895
11.86	-5.71289
11.865	-5.71289
11.87	-5.75684
11.875	-5.80078
11.88	-5.88867
11.885	-5.88867
11.89	-5.93262
11.895	-6.02051
11.9	-6.06445
11.905	-6.06445
11.91	-6.1084
11.915	-6.15234
11.92	-6.19629
11.925	-6.19629
11.93	-6.24023
11.935	-6.24023
11.94	-6.28418
11.945	-6.32812
11.95	-6.37207
11.955	-6.41602
11.96	-6.41602
11.965	-6.50391
11.97	-6.50391
11.975	-6.54785
11.98	-6.5918
11.985	-6.5918
11.99	-6.63574
11.995	-6.67969
12	-6.67969
12.005	-6.72363
12.01	-6.76758
12.015	-6.76758
12.02	-6.81152
12.025	-6.81152
12.03	-6.85547
12.035	-6.89941
12.04	-6.89941
12.045	-6.94336
12.05	-6.9873
12.055	-7.03125
12.06	-7.03125
12.065	-7.0752
12.07	-7.11914
12.075	-7.11914
12.08	-7.20703
12.085	-7.20703
12.09	-7.25098
12.095	-7.25098
12.1	-7.29492
12.105	-7.29492
12.11	-7.33887
12.115	-7.33887
12.12	-7.33887
12.125	-7.38281
12.13	-7.42676
12.135	-7.42676
12.14	-7.4707
12.145	-7.4707
12.15	-7.51465
12.155	-7.51465
12.16	-7.55859
12.165	-7.55859
12.17	-7.60254
12.175	-7.60254
12.18	-7.60254
12.185	-7.64648
12.19	-7.64648
12.195	-7.69043
12.2	-7.69043
12.205	-7.73437
12.21	-7.73437
12.215	-7.73437
12.22	-7.77832
12.225	-7.77832
12.23	-7.82227
12.235	-7.82227
12.24	-7.86621
12.245	-7.86621
12.25	-7.86621
12.255	-7.91016
12.26	-7.91016
12.265	-7.9541
12.27	-7.9541
12.275	-7.99805
12.28	-7.99805
12.285	-7.99805
12.29	-8.04199
12.295	-8.04199
12.3	-8.04199
12.305	-8.08594
12.31	-8.08594
12.315	-8.08594
12.32	-8.12988
12.325	-8.12988
12.33	-8.17383
12.335	-8.17383
12.34	-8.17383
12.345	-8.21777
12.35	-8.21777
12.355	-8.21777
12.36	-8.26172
12.365	-8.26172
12.37	-8.26172
12.375	-8.30566
12.38	-8.30566
12.385	-8.34961
12.39	-8.34961
12.395	-8.34961
12.4	-8.39355
12.405	-8.39355
12.41	-8.39355
12.415	-8.4375
12.42	-8.4375
12.425	-8.4375
12.43	-8.48145
12.435	-8.48145
12.44	-8.48145
12.445	-8.52539
12.45	-8.52539
12.455	-8.52539
12.46	-8.56934
12.465	-8.56934
12.47	-8.61328
12.475	-8.61328
12.48	-8.61328
12.485	-8.65723
12.49	-8.65723
12.495	-8.65723
12.5	-8.65723
12.505	-8.70117
12.51	-8.70117
12.515	-8.70117
12.52	-8.74512
12.525	-8.74512
12.53	-8.74512
12.535	-8.74512
12.54	-8.78906
12.545	-8.78906
12.55	-8.78906
12.555	-8.83301
12.56	-8.83301
12.565	-8.83301
12.57	-8.87695
12.575	-8.87695
12.58	-8.87695
12.585	-8.87695
12.59	-8.9209
12.595	-8.9209
12.6	-8.9209
12.605	-8.96484
12.61	-8.96484
12.615	-8.96484
12.62	-8.96484
12.625	-9.00879
12.63	-9.00879
12.635	-9.00879
12.64	-9.05273
12.645	-9.05273
12.65	-9.05273
12.655	-9.05273
12.66	-9.09668
12.665	-9.09668
12.67	-9.09668
12.675	-9.09668
12.68	-9.14063
12.685	-9.14063
12.69	-9.14063
12.695	-9.14063
12.7	-9.14063
12.705	-9.18457
12.71	-9.18457
12.715	-9.18457
12.72	-9.18457
12.725	-9.22852
12.73	-9.22852
12.735	-9.22852
12.74	-9.22852
12.745	-9.27246
12.75	-9.27246
12.755	-9.27246
12.76	-9.31641
12.765	-9.31641
12.77	-9.31641
12.775	-9.31641
12.78	-9.31641
12.785	-9.36035
12.79	-9.36035
12.795	-9.36035
12.8	-9.4043
12.805	-9.4043
12.81	-9.4043
12.815	-9.4043
12.82	-9.4043
12.825	-9.44824
12.83	-9.44824
12.835	-9.44824
12.84	-9.49219
12.845	-9.49219
12.85	-9.49219
12.855	-9.53613
12.86	-9.53613
12.865	-9.53613
12.87	-9.53613
12.875	-9.53613
12.88	-9.58008
12.885	-9.58008
12.89	-9.58008
12.895	-9.58008
12.9	-9.62402
12.905	-9.62402
12.91	-9.62402
12.915	-9.62402
12.92	-9.62402
12.925	-9.66797
12.93	-9.66797
12.935	-9.66797
12.94	-9.66797
12.945	-9.66797
12.95	-9.66797
12.955	-9.71191
12.96	-9.71191
12.965	-9.71191
12.97	-9.71191
12.975	-9.71191
12.98	-9.75586
12.985	-9.75586
12.99	-9.75586
12.995	-9.75586
13	-9.7998
13.005	-9.7998
13.01	-9.7998
13.015	-9.7998
13.02	-9.7998
13.025	-9.7998
13.03	-9.84375
13.035	-9.84375
13.04	-9.84375
13.045	-9.84375
13.05	-9.84375
13.055	-9.84375
13.06	-9.84375
13.065	-9.8877
13.07	-9.8877
13.075	-9.8877
13.08	-9.8877
13.085	-9.8877
13.09	-9.93164
13.095	-9.93164
13.1	-9.93164
13.105	-9.93164
13.11	-9.93164
13.115	-9.93164
13.12	-9.97559
13.125	-9.97559
13.13	-9.97559
13.135	-9.97559
13.14	-9.97559
13.145	-9.97559
13.15	-9.97559
13.155	-9.97559
13.16	-10.0195
13.165	-10.0195
13.17	-10.0195
13.175	-10.0195
13.18	-10.0195
13.185	-10.0195
13.19	-10.0195
13.195	-10.0195
13.2	-10.0635
13.205	-10.0635
13.21	-10.0635
13.215	-10.0635
13.22	-10.0635
13.225	-10.0635
13.23	-10.0635
13.235	-10.0635
13.24	-10.0635
13.245	-10.0635
13.25	-10.1074
13.255	-10.1074
13.26	-10.1074
13.265	-10.1074
13.27	-10.1074
13.275	-10.1074
13.28	-10.1074
13.285	-10.1074
13.29	-10.1074
13.295	-10.1514
13.3	-10.1514
13.305	-10.1514
13.31	-10.1514
13.315	-10.1514
13.32	-10.1514
13.325	-10.1514
13.33	-10.1514
13.335	-10.1514
13.34	-10.1953
13.345	-10.1953
13.35	-10.1953
13.355	-10.1953
13.36	-10.1953
13.365	-10.1953
13.37	-10.1953
13.375	-10.1953
13.38	-10.1953
13.385	-10.1953
13.39	-10.1953
13.395	-10.1953
13.4	-10.1953
13.405	-10.2393
13.41	-10.2393
13.415	-10.2393
13.42	-10.2393
13.425	-10.2393
13.43	-10.2393
13.435	-10.2393
13.44	-10.2393
13.445	-10.2393
13.45	-10.2393
13.455	-10.2393
13.46	-10.2393
13.465	-10.2393
13.47	-10.2393
13.475	-10.2393
13.48	-10.2393
13.485	-10.2393
13.49	-10.2832
13.495	-10.2832
13.5	-10.2832
13.505	-10.2832
13.51	-10.2832
13.515	-10.2832
13.52	-10.2832
13.525	-10.2832
13.53	-10.2832
13.535	-10.2832
13.54	-10.2832
13.545	-10.2832
13.55	-10.2832
13.555	-10.2832
13.56	-10.2832
13.565	-10.2832
13.57	-10.2832
13.575	-10.2832
13.58	-10.2832
13.585	-10.2832
13.59	-10.2832
13.595	-10.2832
13.6	-10.2832
13.605	-10.2832
13.61	-10.3271
13.615	-10.2832
13.62	-10.2832
13.625	-10.3271
13.63	-10.2832
13.635	-10.2832
13.64	-10.3271
13.645	-10.3271
13.65	-10.2832
13.655	-10.2832
13.66	-10.3271
13.665	-10.3271
13.67	-10.2832
13.675	-10.3271
13.68	-10.3271
13.685	-10.3271
13.69	-10.3271
13.695	-10.3271
13.7	-10.3271
13.705	-10.3271
13.71	-10.3271
13.715	-10.3271
13.72	-10.3271
13.725	-10.3271
13.73	-10.3271
13.735	-10.3271
13.74	-10.3271
13.745	-10.3271
13.75	-10.3271
13.755	-10.3271
13.76	-10.3271
13.765	-10.3271
13.77	-10.3271
13.775	-10.3271
13.78	-10.3271
13.785	-10.3271
13.79	-10.3271
13.795	-10.3271
13.8	-10.3271
13.805	-10.3271
13.81	-10.3271
13.815	-10.3271
13.82	-10.3271
13.825	-10.3271
13.83	-10.2832
13.835	-10.2832
13.84	-10.3271
13.845	-10.2832
13.85	-10.2832
13.855	-10.2832
13.86	-10.3271
13.865	-10.2832
13.87	-10.2832
13.875	-10.2832
13.88	-10.2832
13.885	-10.2832
13.89	-10.2832
13.895	-10.2832
13.9	-10.2832
13.905	-10.2832
13.91	-10.2832
13.915	-10.2832
13.92	-10.2832
13.925	-10.2832
13.93	-10.2832
13.935	-10.2832
13.94	-10.2832
13.945	-10.2832
13.95	-10.2832
13.955	-10.2832
13.96	-10.2832
13.965	-10.2832
13.97	-10.2832
13.975	-10.2832
13.98	-10.2832
13.985	-10.2832
13.99	-10.2832
13.995	-10.2832
14	-10.2832
14.005	-10.2832
14.01	-10.2832
14.015	-10.2393
14.02	-10.2832
14.025	-10.2393
14.03	-10.2393
14.035	-10.2393
14.04	-10.2393
14.045	-10.2393
14.05	-10.2393
14.055	-10.2393
14.06	-10.2393
14.065	-10.2393
14.07	-10.2393
14.075	-10.2393
14.08	-10.2393
14.085	-10.2393
14.09	-10.2393
14.095	-10.2393
14.1	-10.2393
14.105	-10.2393
14.11	-10.1953
14.115	-10.1953
14.12	-10.1953
14.125	-10.1953
14.13	-10.1953
14.135	-10.1953
14.14	-10.1953
14.145	-10.1953
14.15	-10.1953
14.155	-10.1953
14.16	-10.1953
14.165	-10.1953
14.17	-10.1953
14.175	-10.1953
14.18	-10.1514
14.185	-10.1514
14.19	-10.1514
14.195	-10.1514
14.2	-10.1514
14.205	-10.1514
14.21	-10.1514
14.215	-10.1514
14.22	-10.1514
14.225	-10.1514
14.23	-10.1514
14.235	-10.1514
14.24	-10.1074
14.245	-10.1074
14.25	-10.1514
14.255	-10.1074
14.26	-10.1074
14.265	-10.1074
14.27	-10.1074
14.275	-10.1074
14.28	-10.1074
14.285	-10.1074
14.29	-10.1074
14.295	-10.1074
14.3	-10.1074
14.305	-10.0635
14.31	-10.0635
14.315	-10.0635
14.32	-10.0635
14.325	-10.0635
14.33	-10.0635
14.335	-10.0635
14.34	-10.0635
14.345	-10.0635
14.35	-10.0635
14.355	-10.0635
14.36	-10.0195
14.365	-10.0195
14.37	-10.0195
14.375	-10.0195
14.38	-10.0195
14.385	-10.0195
14.39	-10.0195
14.395	-10.0195
14.4	-10.0195
14.405	-10.0195
14.41	-10.0195
14.415	-10.0195
14.42	-10.0195
14.425	-9.97559
14.43	-9.97559
14.435	-9.97559
14.44	-9.97559
14.445	-9.97559
14.45	-9.97559
14.455	-9.97559
14.46	-9.97559
14.465	-9.97559
14.47	-9.97559
14.475	-9.97559
14.48	-9.93164
14.485	-9.93164
14.49	-9.93164
14.495	-9.93164
14.5	-9.93164
14.505	-9.93164
14.51	-9.93164
14.515	-9.93164
14.52	-9.93164
14.525	-9.93164
14.53	-9.93164
14.535	-9.8877
14.54	-9.8877
14.545	-9.8877
14.55	-9.8877
14.555	-9.8877
14.56	-9.8877
14.565	-9.8877
14.57	-9.8877
14.575	-9.8877
14.58	-9.8877
14.585	-9.8877
14.59	-9.8877
14.595	-9.84375
14.6	-9.84375
14.605	-9.84375
14.61	-9.84375
14.615	-9.84375
14.62	-9.84375
14.625	-9.84375
14.63	-9.84375
14.635	-9.84375
14.64	-9.84375
14.645	-9.84375
14.65	-9.84375
14.655	-9.84375
14.66	-9.84375
14.665	-9.84375
14.67	-9.84375
14.675	-9.84375
14.68	-9.7998
14.685	-9.7998
14.69	-9.7998
14.695	-9.7998
14.7	-9.7998
14.705	-9.7998
14.71	-9.7998
14.715	-9.7998
14.72	-9.7998
14.725	-9.7998
14.73	-9.7998
14.735	-9.7998
14.74	-9.7998
14.745	-9.7998
14.75	-9.75586
14.755	-9.75586
14.76	-9.75586
14.765	-9.75586
14.77	-9.75586
14.775	-9.75586
14.78	-9.75586
14.785	-9.75586
14.79	-9.75586
14.795	-9.75586
14.8	-9.75586
14.805	-9.75586
14.81	-9.71191
14.815	-9.75586
14.82	-9.75586
14.825	-9.71191
14.83	-9.71191
14.835	-9.71191
14.84	-9.71191
14.845	-9.71191
14.85	-9.71191
14.855	-9.71191
14.86	-9.71191
14.865	-9.71191
14.87	-9.71191
14.875	-9.71191
14.88	-9.71191
14.885	-9.71191
14.89	-9.71191
14.895	-9.66797
14.9	-9.66797
14.905	-9.66797
14.91	-9.66797
14.915	-9.66797
14.92	-9.66797
14.925	-9.66797
14.93	-9.66797
14.935	-9.66797
14.94	-9.66797
14.945	-9.66797
14.95	-9.66797
14.955	-9.66797
14.96	-9.66797
14.965	-9.66797
14.97	-9.66797
14.975	-9.62402
14.98	-9.62402
14.985	-9.62402
14.99	-9.62402
14.995	-9.62402
15	-9.62402
15.005	-9.62402
15.01	-9.62402
15.015	-9.62402
15.02	-9.62402
15.025	-9.62402
15.03	-9.62402
15.035	-9.62402
15.04	-9.58008
15.045	-9.58008
15.05	-9.58008
15.055	-9.58008
15.06	-9.58008
15.065	-9.58008
15.07	-9.58008
15.075	-9.58008
15.08	-9.58008
15.085	-9.53613
15.09	-9.53613
15.095	-9.53613
15.1	-9.53613
15.105	-9.53613
15.11	-9.53613
15.115	-9.53613
15.12	-9.53613
15.125	-9.49219
15.13	-9.49219
15.135	-9.49219
15.14	-9.49219
15.145	-9.49219
15.15	-9.44824
15.155	-9.44824
15.16	-9.44824
15.165	-9.44824
15.17	-9.4043
15.175	-9.44824
15.18	-9.4043
15.185	-9.44824
15.19	-9.4043
15.195	-9.36035
15.2	-9.4043
15.205	-9.36035
15.21	-9.36035
15.215	-9.31641
15.22	-9.27246
15.225	-9.4043
15.23	-9.27246
15.235	-9.31641
15.24	-9.27246
15.245	-9.27246
15.25	-9.27246
15.255	-9.22852
15.26	-9.27246
15.265	-9.22852
15.27	-9.22852
15.275	-9.18457
15.28	-9.22852
15.285	-9.18457
15.29	-9.18457
15.295	-9.18457
15.3	-9.18457
15.305	-9.18457
15.31	-9.14063
15.315	-9.14063
15.32	-9.14063
15.325	-9.14063
15.33	-9.14063
15.335	-9.14063
15.34	-9.14063
15.345	-9.14063
15.35	-9.14063
15.355	-9.14063
15.36	-9.14063
15.365	-9.14063
15.37	-9.14063
15.375	-9.14063
15.38	-9.14063
15.385	-9.14063
15.39	-9.14063
15.395	-9.14063
15.4	-9.14063
15.405	-9.14063
15.41	-9.14063
15.415	-9.14063
15.42	-9.14063
15.425	-9.14063
15.43	-9.14063
15.435	-9.14063
15.44	-9.14063
15.445	-9.14063
15.45	-9.14063
15.455	-9.14063
15.46	-9.14063
15.465	-9.14063
15.47	-9.14063
15.475	-9.14063
15.48	-9.14063
15.485	-9.18457
15.49	-9.18457
15.495	-9.22852
15.5	-9.22852
15.505	-9.22852
15.51	-9.22852
15.515	-9.22852
15.52	-9.22852
15.525	-9.22852
15.53	-9.27246
15.535	-9.27246
15.54	-9.27246
15.545	-9.27246
15.55	-9.27246
15.555	-9.31641
15.56	-9.31641
15.565	-9.31641
15.57	-9.31641
15.575	-9.31641
15.58	-9.31641
15.585	-9.36035
15.59	-9.36035
15.595	-9.36035
15.6	-9.36035
15.605	-9.36035
15.61	-9.4043
15.615	-9.4043
15.62	-9.4043
15.625	-9.4043
15.63	-9.4043
15.635	-9.4043
15.64	-9.44824
15.645	-9.44824
15.65	-9.44824
15.655	-9.44824
15.66	-9.44824
15.665	-9.49219
15.67	-9.49219
15.675	-9.49219
15.68	-9.49219
15.685	-9.49219
15.69	-9.49219
15.695	-9.49219
15.7	-9.49219
15.705	-9.53613
15.71	-9.53613
15.715	-9.53613
15.72	-9.53613
15.725	-9.53613
15.73	-9.53613
15.735	-9.53613
15.74	-9.53613
15.745	-9.58008
15.75	-9.53613
15.755	-9.58008
15.76	-9.58008
15.765	-9.58008
15.77	-9.58008
15.775	-9.58008
15.78	-9.58008
15.785	-9.58008
15.79	-9.58008
15.795	-9.58008
15.8	-9.58008
15.805	-9.58008
15.81	-9.53613
15.815	-9.58008
15.82	-9.58008
15.825	-9.58008
15.83	-9.53613
15.835	-9.53613
15.84	-9.53613
15.845	-9.53613
15.85	-9.53613
15.855	-9.53613
15.86	-9.53613
15.865	-9.53613
15.87	-9.53613
15.875	-9.53613
15.88	-9.53613
15.885	-9.53613
15.89	-9.53613
15.895	-9.53613
15.9	-9.49219
15.905	-9.49219
15.91	-9.49219
15.915	-9.49219
15.92	-9.49219
15.925	-9.49219
15.93	-9.49219
15.935	-9.49219
15.94	-9.44824
15.945	-9.44824
15.95	-9.44824
15.955	-9.44824
15.96	-9.44824
15.965	-9.4043
15.97	-9.4043
15.975	-9.4043
15.98	-9.4043
15.985	-9.4043
15.99	-9.36035
15.995	-9.36035
16	-9.36035
16.005	-9.36035
16.01	-9.36035
16.015	-9.36035
16.02	-9.36035
16.025	-9.36035
16.03	-9.31641
16.035	-9.31641
16.04	-9.31641
16.045	-9.31641
16.05	-9.31641
16.055	-9.27246
16.06	-9.27246
16.065	-9.27246
16.07	-9.27246
16.075	-9.27246
16.08	-9.22852
16.085	-9.22852
16.09	-9.22852
16.095	-9.22852
16.1	-9.22852
16.105	-9.18457
16.11	-9.18457
16.115	-9.18457
16.12	-9.18457
16.125	-9.18457
16.13	-9.18457
16.135	-9.18457
16.14	-9.14063
16.145	-9.14063
16.15	-9.14063
16.155	-9.14063
16.16	-9.14063
16.165	-9.14063
16.17	-9.09668
16.175	-9.09668
16.18	-9.09668
16.185	-9.09668
16.19	-9.09668
16.195	-9.09668
16.2	-9.09668
16.205	-9.09668
16.21	-9.05273
16.215	-9.05273
16.22	-9.05273
16.225	-9.05273
16.23	-9.05273
16.235	-9.05273
16.24	-9.05273
16.245	-9.00879
16.25	-9.00879
16.255	-9.00879
16.26	-9.00879
16.265	-9.00879
16.27	-9.00879
16.275	-9.00879
16.28	-9.00879
16.285	-8.96484
16.29	-8.96484
16.295	-8.96484
16.3	-8.96484
16.305	-8.96484
16.31	-8.96484
16.315	-8.96484
16.32	-8.96484
16.325	-8.96484
16.33	-8.96484
16.335	-8.96484
16.34	-8.96484
16.345	-8.9209
16.35	-8.9209
16.355	-8.9209
16.36	-8.9209
16.365	-8.9209
16.37	-8.9209
16.375	-8.9209
16.38	-8.9209
16.385	-8.9209
16.39	-8.9209
16.395	-8.9209
16.4	-8.9209
16.405	-8.9209
16.41	-8.87695
16.415	-8.87695
16.42	-8.87695
16.425	-8.87695
16.43	-8.87695
16.435	-8.87695
16.44	-8.87695
16.445	-8.87695
16.45	-8.87695
16.455	-8.87695
16.46	-8.87695
16.465	-8.87695
16.47	-8.87695
16.475	-8.87695
16.48	-8.83301
16.485	-8.83301
16.49	-8.83301
16.495	-8.83301
16.5	-8.83301
16.505	-8.83301
16.51	-8.83301
16.515	-8.83301
16.52	-8.83301
16.525	-8.83301
16.53	-8.83301
16.535	-8.83301
16.54	-8.83301
16.545	-8.83301
16.55	-8.78906
16.555	-8.78906
16.56	-8.78906
16.565	-8.78906
16.57	-8.78906
16.575	-8.78906
16.58	-8.78906
16.585	-8.78906
16.59	-8.78906
16.595	-8.78906
16.6	-8.78906
16.605	-8.78906
16.61	-8.78906
16.615	-8.78906
16.62	-8.78906
16.625	-8.78906
16.63	-8.78906
16.635	-8.78906
16.64	-8.74512
16.645	-8.74512
16.65	-8.74512
16.655	-8.74512
16.66	-8.74512
16.665	-8.74512
16.67	-8.74512
16.675	-8.74512
16.68	-8.74512
16.685	-8.74512
16.69	-8.74512
16.695	-8.74512
16.7	-8.74512
16.705	-8.74512
16.71	-8.74512
16.715	-8.74512
16.72	-8.74512
16.725	-8.74512
16.73	-8.74512
16.735	-8.74512
16.74	-8.74512
16.745	-8.74512
16.75	-8.70117
16.755	-8.70117
16.76	-8.70117
16.765	-8.70117
16.77	-8.70117
16.775	-8.70117
16.78	-8.70117
16.785	-8.70117
16.79	-8.70117
16.795	-8.70117
16.8	-8.70117
16.805	-8.70117
16.81	-8.70117
16.815	-8.70117
16.82	-8.70117
16.825	-8.70117
16.83	-8.70117
16.835	-8.70117
16.84	-8.70117
16.845	-8.70117
16.85	-8.70117
16.855	-8.70117
16.86	-8.70117
16.865	-8.70117
16.87	-8.70117
16.875	-8.70117
16.88	-8.70117
16.885	-8.70117
16.89	-8.70117
16.895	-8.70117
16.9	-8.70117
16.905	-8.70117
16.91	-8.70117
16.915	-8.70117
16.92	-8.70117
16.925	-8.70117
16.93	-8.70117
16.935	-8.70117
16.94	-8.70117
16.945	-8.70117
16.95	-8.70117
16.955	-8.70117
16.96	-8.70117
16.965	-8.74512
16.97	-8.74512
16.975	-8.74512
16.98	-8.74512
16.985	-8.74512
16.99	-8.74512
16.995	-8.74512
17	-8.74512
17.005	-8.74512
17.01	-8.74512
17.015	-8.74512
17.02	-8.74512
17.025	-8.74512
17.03	-8.74512
17.035	-8.74512
17.04	-8.74512
17.045	-8.74512
17.05	-8.74512
17.055	-8.74512
17.06	-8.74512
17.065	-8.74512
17.07	-8.74512
17.075	-8.74512
17.08	-8.74512
17.085	-8.74512
17.09	-8.74512
17.095	-8.74512
17.1	-8.74512
17.105	-8.74512
17.11	-8.74512
17.115	-8.74512
17.12	-8.78906
17.125	-8.78906
17.13	-8.78906
17.135	-8.78906
17.14	-8.78906
17.145	-8.78906
17.15	-8.78906
17.155	-8.78906
17.16	-8.78906
17.165	-8.78906
17.17	-8.78906
17.175	-8.78906
17.18	-8.78906
17.185	-8.78906
17.19	-8.78906
17.195	-8.78906
17.2	-8.78906
17.205	-8.78906
17.21	-8.78906
17.215	-8.78906
17.22	-8.78906
17.225	-8.83301
17.23	-8.83301
17.235	-8.83301
17.24	-8.83301
17.245	-8.83301
17.25	-8.83301
17.255	-8.83301
17.26	-8.83301
17.265	-8.83301
17.27	-8.83301
17.275	-8.83301
17.28	-8.83301
17.285	-8.83301
17.29	-8.83301
17.295	-8.83301
17.3	-8.83301
17.305	-8.83301
17.31	-8.83301
17.315	-8.83301
17.32	-8.87695
17.325	-8.87695
17.33	-8.87695
17.335	-8.87695
17.34	-8.87695
17.345	-8.87695
17.35	-8.87695
17.355	-8.87695
17.36	-8.87695
17.365	-8.87695
17.37	-8.87695
17.375	-8.87695
17.38	-8.87695
17.385	-8.87695
17.39	-8.87695
17.395	-8.87695
17.4	-8.9209
17.405	-8.9209
17.41	-8.9209
17.415	-8.9209
17.42	-8.9209
17.425	-8.9209
17.43	-8.9209
17.435	-8.9209
17.44	-8.9209
17.445	-8.9209
17.45	-8.9209
17.455	-8.9209
17.46	-8.9209
17.465	-8.9209
17.47	-8.9209
17.475	-8.9209
17.48	-8.96484
17.485	-8.96484
17.49	-8.96484
17.495	-8.96484
17.5	-8.96484
17.505	-8.96484
17.51	-8.96484
17.515	-8.96484
17.52	-8.96484
17.525	-8.96484
17.53	-8.96484
17.535	-8.96484
17.54	-8.96484
17.545	-8.96484
17.55	-8.96484
17.555	-8.96484
17.56	-8.96484
17.565	-9.00879
17.57	-9.00879
17.575	-9.00879
17.58	-9.00879
17.585	-9.00879
17.59	-9.00879
17.595	-9.00879
17.6	-9.00879
17.605	-9.00879
17.61	-9.00879
17.615	-9.00879
17.62	-9.00879
17.625	-9.00879
17.63	-9.00879
17.635	-9.05273
17.64	-9.05273
17.645	-9.05273
17.65	-9.05273
17.655	-9.05273
17.66	-9.05273
17.665	-9.05273
17.67	-9.05273
17.675	-9.05273
17.68	-9.05273
17.685	-9.05273
17.69	-9.05273
17.695	-9.05273
17.7	-9.09668
17.705	-9.09668
17.71	-9.09668
17.715	-9.09668
17.72	-9.09668
17.725	-9.09668
17.73	-9.09668
17.735	-9.09668
17.74	-9.09668
17.745	-9.09668
17.75	-9.09668
17.755	-9.09668
17.76	-9.09668
17.765	-9.09668
17.77	-9.09668
17.775	-9.09668
17.78	-9.09668
17.785	-9.14063
17.79	-9.14063
17.795	-9.14063
17.8	-9.14063
17.805	-9.14063
17.81	-9.14063
17.815	-9.14063
17.82	-9.14063
17.825	-9.14063
17.83	-9.14063
17.835	-9.14063
17.84	-9.14063
17.845	-9.14063
17.85	-9.14063
17.855	-9.14063
17.86	-9.14063
17.865	-9.14063
17.87	-9.18457
17.875	-9.18457
17.88	-9.18457
17.885	-9.18457
17.89	-9.18457
17.895	-9.18457
17.9	-9.18457
17.905	-9.18457
17.91	-9.18457
17.915	-9.18457
17.92	-9.18457
17.925	-9.18457
17.93	-9.18457
17.935	-9.18457
17.94	-9.18457
17.945	-9.18457
17.95	-9.18457
17.955	-9.22852
17.96	-9.22852
17.965	-9.22852
17.97	-9.22852
17.975	-9.22852
17.98	-9.22852
17.985	-9.22852
17.99	-9.22852
17.995	-9.22852
18	-9.22852
18.005	-9.22852
18.01	-9.22852
18.015	-9.22852
18.02	-9.22852
18.025	-9.22852
18.03	-9.22852
18.035	-9.22852
18.04	-9.22852
18.045	-9.22852
18.05	-9.22852
18.055	-9.22852
18.06	-9.22852
18.065	-9.22852
18.07	-9.27246
18.075	-9.27246
18.08	-9.27246
18.085	-9.27246
18.09	-9.27246
18.095	-9.27246
18.1	-9.27246
18.105	-9.27246
18.11	-9.27246
18.115	-9.27246
18.12	-9.27246
18.125	-9.27246
18.13	-9.27246
18.135	-9.27246
18.14	-9.27246
18.145	-9.27246
18.15	-9.27246
18.155	-9.27246
18.16	-9.27246
18.165	-9.27246
18.17	-9.27246
18.175	-9.27246
18.18	-9.31641
18.185	-9.31641
18.19	-9.31641
18.195	-9.31641
18.2	-9.31641
18.205	-9.31641
18.21	-9.31641
18.215	-9.31641
18.22	-9.31641
18.225	-9.31641
18.23	-9.31641
18.235	-9.31641
18.24	-9.31641
18.245	-9.31641
18.25	-9.31641
18.255	-9.31641
18.26	-9.31641
18.265	-9.31641
18.27	-9.31641
18.275	-9.31641
18.28	-9.31641
18.285	-9.31641
18.29	-9.31641
18.295	-9.31641
18.3	-9.31641
18.305	-9.31641
18.31	-9.31641
18.315	-9.31641
18.32	-9.31641
18.325	-9.31641
18.33	-9.31641
18.335	-9.31641
18.34	-9.31641
18.345	-9.31641
18.35	-9.31641
18.355	-9.31641
18.36	-9.31641
18.365	-9.36035
18.37	-9.36035
18.375	-9.36035
18.38	-9.36035
18.385	-9.36035
18.39	-9.36035
18.395	-9.36035
18.4	-9.36035
18.405	-9.36035
18.41	-9.36035
18.415	-9.36035
18.42	-9.36035
18.425	-9.36035
18.43	-9.36035
18.435	-9.36035
18.44	-9.36035
18.445	-9.36035
18.45	-9.36035
18.455	-9.36035
18.46	-9.36035
18.465	-9.36035
18.47	-9.36035
18.475	-9.36035
18.48	-9.36035
18.485	-9.36035
18.49	-9.36035
18.495	-9.36035
18.5	-9.36035
18.505	-9.36035
18.51	-9.36035
18.515	-9.36035
18.52	-9.36035
18.525	-9.36035
18.53	-9.36035
18.535	-9.36035
18.54	-9.36035
18.545	-9.36035
18.55	-9.36035
18.555	-9.36035
18.56	-9.36035
18.565	-9.36035
18.57	-9.36035
18.575	-9.36035
18.58	-9.36035
18.585	-9.36035
18.59	-9.36035
18.595	-9.36035
18.6	-9.36035
18.605	-9.36035
18.61	-9.36035
18.615	-9.36035
18.62	-9.36035
18.625	-9.36035
18.63	-9.36035
18.635	-9.36035
18.64	-9.36035
18.645	-9.36035
18.65	-9.36035
18.655	-9.36035
18.66	-9.36035
18.665	-9.36035
18.67	-9.36035
18.675	-9.36035
18.68	-9.36035
18.685	-9.36035
18.69	-9.36035
18.695	-9.36035
18.7	-9.36035
18.705	-9.36035
18.71	-9.36035
18.715	-9.36035
18.72	-9.36035
18.725	-9.36035
18.73	-9.36035
18.735	-9.36035
18.74	-9.36035
18.745	-9.36035
18.75	-9.36035
18.755	-9.36035
18.76	-9.36035
18.765	-9.36035
18.77	-9.36035
18.775	-9.36035
18.78	-9.36035
18.785	-9.36035
18.79	-9.36035
18.795	-9.36035
18.8	-9.36035
18.805	-9.36035
18.81	-9.36035
18.815	-9.36035
18.82	-9.36035
18.825	-9.36035
18.83	-9.36035
18.835	-9.36035
18.84	-9.36035
18.845	-9.36035
18.85	-9.36035
18.855	-9.36035
18.86	-9.36035
18.865	-9.36035
18.87	-9.36035
18.875	-9.36035
18.88	-9.36035
18.885	-9.36035
18.89	-9.36035
18.895	-9.36035
18.9	-9.36035
18.905	-9.36035
18.91	-9.36035
18.915	-9.36035
18.92	-9.36035
18.925	-9.36035
18.93	-9.36035
18.935	-9.36035
18.94	-9.36035
18.945	-9.36035
18.95	-9.36035
18.955	-9.36035
18.96	-9.36035
18.965	-9.36035
18.97	-9.36035
18.975	-9.36035
18.98	-9.36035
18.985	-9.36035
18.99	-9.36035
18.995	-9.36035
19	-9.36035
19.005	-9.36035
19.01	-9.36035
19.015	-9.36035
19.02	-9.36035
19.025	-9.36035
19.03	-9.36035
19.035	-9.36035
19.04	-9.36035
19.045	-9.36035
19.05	-9.36035
19.055	-9.36035
19.06	-9.36035
19.065	-9.36035
19.07	-9.36035
19.075	-9.36035
19.08	-9.36035
19.085	-9.36035
19.09	-9.36035
19.095	-9.36035
19.1	-9.36035
19.105	-9.36035
19.11	-9.36035
19.115	-9.36035
19.12	-9.36035
19.125	-9.36035
19.13	-9.36035
19.135	-9.36035
19.14	-9.36035
19.145	-9.36035
19.15	-9.36035
19.155	-9.36035
19.16	-9.36035
19.165	-9.36035
19.17	-9.36035
19.175	-9.36035
19.18	-9.36035
19.185	-9.36035
19.19	-9.36035
19.195	-9.36035
19.2	-9.36035
19.205	-9.36035
19.21	-9.36035
19.215	-9.36035
19.22	-9.36035
19.225	-9.36035
19.23	-9.36035
19.235	-9.36035
19.24	-9.36035
19.245	-9.36035
19.25	-9.36035
19.255	-9.36035
19.26	-9.36035
19.265	-9.36035
19.27	-9.36035
19.275	-9.36035
19.28	-9.36035
19.285	-9.36035
19.29	-9.36035
19.295	-9.36035
19.3	-9.36035
19.305	-9.36035
19.31	-9.36035
19.315	-9.36035
19.32	-9.36035
19.325	-9.36035
19.33	-9.36035
19.335	-9.36035
19.34	-9.36035
19.345	-9.36035
19.35	-9.36035
19.355	-9.36035
19.36	-9.36035
19.365	-9.36035
19.37	-9.36035
19.375	-9.36035
19.38	-9.36035
19.385	-9.36035
19.39	-9.36035
19.395	-9.36035
19.4	-9.36035
19.405	-9.36035
19.41	-9.36035
19.415	-9.36035
19.42	-9.36035
19.425	-9.36035
19.43	-9.36035
19.435	-9.36035
19.44	-9.36035
19.445	-9.36035
19.45	-9.36035
19.455	-9.36035
19.46	-9.36035
19.465	-9.36035
19.47	-9.36035
19.475	-9.36035
19.48	-9.36035
19.485	-9.36035
19.49	-9.36035
19.495	-9.36035
19.5	-9.36035
19.505	-9.36035
19.51	-9.36035
19.515	-9.36035
19.52	-9.36035
19.525	-9.36035
19.53	-9.36035
19.535	-9.36035
19.54	-9.36035
19.545	-9.36035
19.55	-9.36035
19.555	-9.36035
19.56	-9.36035
19.565	-9.36035
19.57	-9.36035
19.575	-9.36035
19.58	-9.36035
19.585	-9.36035
19.59	-9.36035
19.595	-9.36035
19.6	-9.36035
19.605	-9.36035
19.61	-9.36035
19.615	-9.36035
19.62	-9.36035
19.625	-9.36035
19.63	-9.36035
19.635	-9.36035
19.64	-9.36035
19.645	-9.36035
19.65	-9.36035
19.655	-9.36035
19.66	-9.36035
19.665	-9.36035
19.67	-9.36035
19.675	-9.36035
19.68	-9.36035
19.685	-9.36035
19.69	-9.36035
19.695	-9.36035
19.7	-9.36035
19.705	-9.36035
19.71	-9.36035
19.715	-9.36035
19.72	-9.36035
19.725	-9.36035
19.73	-9.36035
19.735	-9.36035
19.74	-9.36035
19.745	-9.36035
19.75	-9.36035
19.755	-9.36035
19.76	-9.36035
19.765	-9.36035
19.77	-9.36035
19.775	-9.36035
19.78	-9.36035
19.785	-9.36035
19.79	-9.36035
19.795	-9.36035
19.8	-9.36035
19.805	-9.31641
19.81	-9.31641
19.815	-9.31641
19.82	-9.31641
19.825	-9.31641
19.83	-9.31641
19.835	-9.31641
19.84	-9.31641
19.845	-9.31641
19.85	-9.31641
19.855	-9.31641
19.86	-9.31641
19.865	-9.31641
19.87	-9.31641
19.875	-9.31641
19.88	-9.31641
19.885	-9.31641
19.89	-9.31641
19.895	-9.31641
19.9	-9.31641
19.905	-9.31641
19.91	-9.31641
19.915	-9.31641
19.92	-9.31641
19.925	-9.31641
19.93	-9.31641
19.935	-9.31641
19.94	-9.31641
19.945	-9.31641
19.95	-9.31641
19.955	-9.31641
19.96	-9.31641
19.965	-9.31641
19.97	-9.31641
19.975	-9.31641
19.98	-9.31641
19.985	-9.31641
19.99	-9.31641
19.995	-9.31641
20	-9.31641
20.005	-9.31641
20.01	-9.31641
20.015	-9.31641
20.02	-9.31641
20.025	-9.31641
20.03	-9.31641
20.035	-9.31641
20.04	-9.31641
20.045	-9.36035
20.05	-9.36035
20.055	-9.36035
20.06	-9.36035
20.065	-9.36035
20.07	-9.36035
20.075	-9.36035
20.08	-9.4043
20.085	-9.4043
20.09	-9.4043
20.095	-9.4043
20.1	-9.4043
20.105	-9.4043
20.11	-9.4043
20.115	-9.44824
20.12	-9.44824
20.125	-9.44824
20.13	-9.44824
20.135	-9.49219
20.14	-9.49219
20.145	-9.49219
20.15	-9.49219
20.155	-9.49219
20.16	-9.53613
20.165	-9.53613
20.17	-9.53613
20.175	-9.58008
20.18	-9.58008
20.185	-9.58008
20.19	-9.58008
20.195	-9.62402
20.2	-9.62402
20.205	-9.66797
20.21	-9.66797
20.215	-9.71191
20.22	-9.71191
20.225	-9.71191
20.23	-9.71191
20.235	-9.75586
20.24	-9.75586
20.245	-9.75586
20.25	-9.75586
20.255	-9.7998
20.26	-9.7998
20.265	-9.7998
20.27	-9.7998
20.275	-9.7998
20.28	-9.84375
20.285	-9.84375
20.29	-9.84375
20.295	-9.8877
20.3	-9.8877
20.305	-9.8877
20.31	-9.8877
20.315	-9.8877
20.32	-9.8877
20.325	-9.8877
20.33	-9.8877
20.335	-9.8877
20.34	-9.8877
20.345	-9.8877
20.35	-9.93164
20.355	-9.93164
20.36	-9.93164
20.365	-9.93164
20.37	-9.93164
20.375	-9.93164
20.38	-9.8877
20.385	-9.8877
20.39	-9.8877
20.395	-9.8877
20.4	-9.8877
20.405	-9.8877
20.41	-9.8877
20.415	-9.8877
20.42	-9.8877
20.425	-9.8877
20.43	-9.84375
20.435	-9.84375
20.44	-9.84375
20.445	-9.84375
20.45	-9.84375
20.455	-9.7998
20.46	-9.7998
20.465	-9.7998
20.47	-9.7998
20.475	-9.75586
20.48	-9.75586
20.485	-9.71191
20.49	-9.71191
20.495	-9.71191
20.5	-9.66797
20.505	-9.66797
20.51	-9.66797
20.515	-9.62402
20.52	-9.58008
20.525	-9.58008
20.53	-9.49219
20.535	-9.49219
20.54	-9.44824
20.545	-9.4043
20.55	-9.44824
20.555	-9.4043
20.56	-9.31641
20.565	-9.27246
20.57	-9.22852
20.575	-9.18457
20.58	-9.18457
20.585	-9.09668
20.59	-9.05273
20.595	-9.05273
20.6	-8.9209
20.605	-8.9209
20.61	-8.87695
20.615	-8.78906
20.62	-8.74512
20.625	-8.70117
20.63	-8.61328
20.635	-8.56934
20.64	-8.52539
20.645	-8.4375
20.65	-8.39355
20.655	-8.34961
20.66	-8.21777
20.665	-8.17383
20.67	-8.12988
20.675	-7.99805
20.68	-7.9541
20.685	-7.91016
20.69	-7.77832
20.695	-7.73437
20.7	-7.55859
20.705	-7.4707
20.71	-7.4707
20.715	-7.29492
20.72	-7.25098
20.725	-7.20703
20.73	-6.9873
20.735	-6.89941
20.74	-6.76758
20.745	-6.72363
20.75	-6.63574
20.755	-6.50391
20.76	-6.41602
20.765	-6.41602
20.77	-6.15234
20.775	-6.1084
20.78	-6.06445
20.785	-5.88867
20.79	-5.84473
20.795	-5.75684
20.8	-5.66895
20.805	-5.625
20.81	-5.53711
20.815	-5.40527
20.82	-5.31738
20.825	-5.09766
20.83	-5.05371
20.835	-5.00977
20.84	-4.87793
20.845	-4.83398
20.85	-4.79004
20.855	-4.61426
20.86	-4.57031
20.865	-4.52637
20.87	-4.39453
20.875	-4.35059
20.88	-4.2627
20.885	-4.13086
20.89	-4.04297
20.895	-3.99902
20.9	-3.91113
20.905	-3.82324
20.91	-3.7793
20.915	-3.64746
20.92	-3.55957
20.925	-3.51563
20.93	-3.33984
20.935	-3.2959
20.94	-3.25195
20.945	-3.07617
20.95	-3.03223
20.955	-2.85645
20.96	-2.8125
20.965	-2.76855
20.97	-2.59277
20.975	-2.54883
20.98	-2.37305
20.985	-2.3291
20.99	-2.24121
20.995	-2.10938
21	-2.02148
21.005	-1.97754
21.01	-1.75781
21.015	-1.71387
21.02	-1.66992
21.025	-1.49414
21.03	-1.4502
21.035	-1.27441
21.04	-1.23047
21.045	-1.18652
21.05	-1.01074
21.055	-0.966797
21.06	-0.922852
21.065	-0.74707
21.07	-0.703125
21.075	-0.615234
21.08	-0.527344
21.085	-0.483398
21.09	-0.395508
21.095	-0.307617
21.1	-0.219727
21.105	-0.175781
21.11	0
21.115	0.0878906
21.12	0.219727
21.125	0.307617
21.13	0.351562
21.135	0.483398
21.14	0.571289
21.145	0.615234
21.15	0.703125
21.155	0.74707
21.16	0.834961
21.165	0.966797
21.17	1.05469
21.175	1.09863
21.18	1.18652
21.185	1.23047
21.19	1.27441
21.195	1.4502
21.2	1.49414
21.205	1.71387
21.21	1.75781
21.215	1.80176
21.22	1.97754
21.225	2.02148
21.23	2.15332
21.235	2.19727
21.24	2.28516
21.245	2.41699
21.25	2.46094
21.255	2.50488
21.26	2.68066
21.265	2.72461
21.27	2.76855
21.275	2.94434
21.28	2.98828
21.285	3.07617
21.29	3.16406
21.295	3.20801
21.3	3.25195
21.305	3.38379
21.31	3.42773
21.315	3.60352
21.32	3.64746
21.325	3.73535
21.33	3.82324
21.335	3.86719
21.34	3.91113
21.345	4.04297
21.35	4.08691
21.355	4.13086
21.36	4.2627
21.365	4.30664
21.37	4.35059
21.375	4.43848
21.38	4.48242
21.385	4.52637
21.39	4.61426
21.395	4.6582
21.4	4.70215
21.405	4.83398
21.41	4.87793
21.415	4.96582
21.42	4.96582
21.425	5.05371
21.43	5.1416
21.435	5.18555
21.44	5.31738
21.445	5.36133
21.45	5.40527
21.455	5.53711
21.46	5.53711
21.465	5.58105
21.47	5.66895
21.475	5.71289
21.48	5.75684
21.485	5.88867
21.49	5.93262
21.495	5.93262
21.5	6.1084
21.505	6.15234
21.51	6.24023
21.515	6.28418
21.52	6.32812
21.525	6.37207
21.53	6.41602
21.535	6.45996
21.54	6.50391
21.545	6.54785
21.55	6.5918
21.555	6.63574
21.56	6.67969
21.565	6.72363
21.57	6.76758
21.575	6.81152
21.58	6.85547
21.585	6.89941
21.59	6.89941
21.595	6.9873
21.6	7.03125
21.605	7.03125
21.61	7.16309
21.615	7.16309
21.62	7.20703
21.625	7.25098
21.63	7.29492
21.635	7.33887
21.64	7.38281
21.645	7.42676
21.65	7.4707
21.655	7.51465
21.66	7.51465
21.665	7.60254
21.67	7.64648
21.675	7.64648
21.68	7.73437
21.685	7.73437
21.69	7.77832
21.695	7.82227
21.7	7.82227
21.705	7.86621
21.71	7.9541
21.715	7.99805
21.72	8.08594
21.725	8.12988
21.73	8.12988
21.735	8.21777
21.74	8.26172
21.745	8.30566
21.75	8.39355
21.755	8.39355
21.76	8.4375
21.765	8.52539
21.77	8.52539
21.775	8.56934
21.78	8.61328
21.785	8.65723
21.79	8.70117
21.795	8.74512
21.8	8.74512
21.805	8.78906
21.81	8.83301
21.815	8.83301
21.82	8.9209
21.825	8.9209
21.83	8.96484
21.835	8.96484
21.84	9.00879
21.845	9.00879
21.85	9.09668
21.855	9.09668
21.86	9.14063
21.865	9.14063
21.87	9.14063
21.875	9.18457
21.88	9.22852
21.885	9.27246
21.89	9.27246
21.895	9.31641
21.9	9.36035
21.905	9.36035
21.91	9.4043
21.915	9.44824
21.92	9.44824
21.925	9.49219
21.93	9.49219
21.935	9.53613
21.94	9.53613
21.945	9.53613
21.95	9.58008
21.955	9.62402
21.96	9.66797
21.965	9.66797
21.97	9.75586
21.975	9.75586
21.98	9.84375
21.985	9.8877
21.99	9.8877
21.995	9.93164
22	9.93164
22.005	9.97559
22.01	9.97559
22.015	10.0195
22.02	10.0195
22.025	10.0635
22.03	10.0635
22.035	10.1074
22.04	10.1074
22.045	10.1074
22.05	10.1514
22.055	10.1514
22.06	10.1953
22.065	10.2393
22.07	10.2393
22.075	10.2832
22.08	10.2832
22.085	10.2832
22.09	10.3271
22.095	10.3271
22.1	10.3711
22.105	10.415
22.11	10.415
22.115	10.415
22.12	10.459
22.125	10.459
22.13	10.459
22.135	10.5029
22.14	10.5029
22.145	10.5029
22.15	10.5469
22.155	10.5469
22.16	10.5908
22.165	10.5908
22.17	10.6348
22.175	10.6348
22.18	10.6348
22.185	10.6787
22.19	10.6787
22.195	10.6787
22.2	10.7666
22.205	10.7666
22.21	10.7666
22.215	10.8105
22.22	10.8105
22.225	10.8105
22.23	10.8545
22.235	10.8545
22.24	10.8545
22.245	10.8984
22.25	10.8984
22.255	10.9424
22.26	10.9424
22.265	10.9424
22.27	10.9863
22.275	10.9863
22.28	11.0303
22.285	11.0303
22.29	11.0303
22.295	11.0742
22.3	11.0742
22.305	11.0742
22.31	11.0742
22.315	11.1182
22.32	11.1182
22.325	11.1182
22.33	11.1182
22.335	11.1621
22.34	11.1621
22.345	11.1621
22.35	11.2061
22.355	11.2061
22.36	11.2061
22.365	11.25
22.37	11.25
22.375	11.25
22.38	11.25
22.385	11.25
22.39	11.2939
22.395	11.2939
22.4	11.2939
22.405	11.3379
22.41	11.3379
22.415	11.3379
22.42	11.3379
22.425	11.3818
22.43	11.3818
22.435	11.3818
22.44	11.3818
22.445	11.4258
22.45	11.4258
22.455	11.4258
22.46	11.4697
22.465	11.4697
22.47	11.4697
22.475	11.4697
22.48	11.4697
22.485	11.5137
22.49	11.5137
22.495	11.5137
22.5	11.5137
22.505	11.5576
22.51	11.5576
22.515	11.5576
22.52	11.5576
22.525	11.5576
22.53	11.5576
22.535	11.6016
22.54	11.6016
22.545	11.6016
22.55	11.6016
22.555	11.6016
22.56	11.6016
22.565	11.6455
22.57	11.6455
22.575	11.6455
22.58	11.6455
22.585	11.6455
22.59	11.6455
22.595	11.6895
22.6	11.6895
22.605	11.6895
22.61	11.6895
22.615	11.6895
22.62	11.7334
22.625	11.7334
22.63	11.7334
22.635	11.7334
22.64	11.7334
22.645	11.7334
22.65	11.7773
22.655	11.7773
22.66	11.7773
22.665	11.7773
22.67	11.7773
22.675	11.7773
22.68	11.7773
22.685	11.8213
22.69	11.8213
22.695	11.8213
22.7	11.8213
22.705	11.8213
22.71	11.8652
22.715	11.8652
22.72	11.8652
22.725	11.8652
22.73	11.8652
22.735	11.8652
22.74	11.8652
22.745	11.8652
22.75	11.8652
22.755	11.8652
22.76	11.8652
22.765	11.9092
22.77	11.9092
22.775	11.9092
22.78	11.9092
22.785	11.9092
22.79	11.9092
22.795	11.9092
22.8	11.9092
22.805	11.9092
22.81	11.9531
22.815	11.9531
22.82	11.9092
22.825	11.9531
22.83	11.9531
22.835	11.9531
22.84	11.9531
22.845	11.9531
22.85	11.9531
22.855	11.9531
22.86	11.9531
22.865	11.9531
22.87	11.9531
22.875	11.9531
22.88	11.9531
22.885	11.9971
22.89	11.9971
22.895	11.9531
22.9	11.9971
22.905	11.9971
22.91	11.9971
22.915	11.9971
22.92	11.9971
22.925	11.9971
22.93	11.9971
22.935	11.9971
22.94	11.9971
22.945	11.9971
22.95	11.9971
22.955	11.9971
22.96	11.9971
22.965	11.9971
22.97	12.041
22.975	12.041
22.98	12.041
22.985	12.041
22.99	12.041
22.995	12.041
23	12.041
23.005	12.041
23.01	12.041
23.015	12.041
23.02	12.041
23.025	12.041
23.03	12.041
23.035	12.041
23.04	12.041
23.045	12.041
23.05	12.041
23.055	12.041
23.06	12.041
23.065	12.041
23.07	12.041
23.075	12.041
23.08	12.041
23.085	12.041
23.09	12.041
23.095	12.041
23.1	12.041
23.105	12.041
23.11	12.041
23.115	12.041
23.12	12.041
23.125	12.041
23.13	12.041
23.135	12.041
23.14	12.041
23.145	12.085
23.15	12.085
23.155	12.041
23.16	12.041
23.165	12.085
23.17	12.085
23.175	12.041
23.18	12.085
23.185	12.041
23.19	12.085
23.195	12.085
23.2	12.085
23.205	12.085
23.21	12.085
23.215	12.041
23.22	12.085
23.225	12.085
23.23	12.085
23.235	12.085
23.24	12.085
23.245	12.085
23.25	12.085
23.255	12.085
23.26	12.085
23.265	12.085
23.27	12.085
23.275	12.085
23.28	12.085
23.285	12.085
23.29	12.085
23.295	12.085
23.3	12.085
23.305	12.085
23.31	12.085
23.315	12.085
23.32	12.085
23.325	12.085
23.33	12.085
23.335	12.041
23.34	12.085
23.345	12.085
23.35	12.041
23.355	12.085
23.36	12.041
23.365	12.041
23.37	12.085
23.375	12.041
23.38	12.041
23.385	12.085
23.39	12.041
23.395	12.041
23.4	12.041
23.405	12.041
23.41	12.041
23.415	12.041
23.42	12.041
23.425	12.041
23.43	12.041
23.435	12.041
23.44	12.041
23.445	12.041
23.45	12.041
23.455	12.041
23.46	12.041
23.465	12.041
23.47	12.041
23.475	12.041
23.48	12.041
23.485	12.041
23.49	12.041
23.495	12.041
23.5	12.041
23.505	12.041
23.51	12.041
23.515	12.041
23.52	12.041
23.525	12.041
23.53	12.041
23.535	12.041
23.54	12.041
23.545	12.041
23.55	12.041
23.555	12.041
23.56	12.041
23.565	12.041
23.57	12.041
23.575	12.041
23.58	12.041
23.585	12.041
23.59	12.041
23.595	12.041
23.6	12.041
23.605	12.041
23.61	12.041
23.615	12.041
23.62	12.041
23.625	12.041
23.63	12.041
23.635	12.041
23.64	12.041
23.645	12.041
23.65	12.041
23.655	12.041
23.66	12.041
23.665	11.9971
23.67	12.041
23.675	12.041
23.68	11.9971
23.685	11.9971
23.69	12.041
23.695	11.9971
23.7	12.041
23.705	11.9971
23.71	11.9971
23.715	11.9971
23.72	11.9971
23.725	11.9971
23.73	11.9971
23.735	11.9971
23.74	11.9971
23.745	11.9971
23.75	11.9971
23.755	11.9971
23.76	11.9971
23.765	11.9971
23.77	11.9971
23.775	11.9971
23.78	11.9971
23.785	11.9971
23.79	11.9971
23.795	11.9971
23.8	11.9971
23.805	11.9971
23.81	11.9971
23.815	11.9971
23.82	11.9971
23.825	11.9971
23.83	11.9971
23.835	11.9971
23.84	11.9971
23.845	11.9971
23.85	11.9971
23.855	11.9971
23.86	11.9971
23.865	11.9971
23.87	11.9971
23.875	11.9971
23.88	11.9531
23.885	11.9531
23.89	11.9531
23.895	11.9531
23.9	11.9531
23.905	11.9531
23.91	11.9531
23.915	11.9531
23.92	11.9531
23.925	11.9531
23.93	11.9531
23.935	11.9531
23.94	11.9531
23.945	11.9531
23.95	11.9531
23.955	11.9531
23.96	11.9531
23.965	11.9531
23.97	11.9531
23.975	11.9531
23.98	11.9531
23.985	11.9531
23.99	11.9531
23.995	11.9531
24	11.9531
24.005	11.9531
24.01	11.9531
24.015	11.9531
24.02	11.9531
24.025	11.9531
24.03	11.9531
24.035	11.9531
24.04	11.9092
24.045	11.9531
24.05	11.9531
24.055	11.9092
24.06	11.9092
24.065	11.9531
24.07	11.9092
24.075	11.9092
24.08	11.9092
24.085	11.9092
24.09	11.9092
24.095	11.9092
24.1	11.9092
24.105	11.9092
24.11	11.9092
24.115	11.9092
24.12	11.9092
24.125	11.9092
24.13	11.9092
24.135	11.9092
24.14	11.9092
24.145	11.9092
24.15	11.9092
24.155	11.9092
24.16	11.9092
24.165	11.9092
24.17	11.9092
24.175	11.9092
24.18	11.8652
24.185	11.8652
24.19	11.9092
24.195	11.8652
24.2	11.8652
24.205	11.8652
24.21	11.8652
24.215	11.8652
24.22	11.8652
24.225	11.8652
24.23	11.8652
24.235	11.8652
24.24	11.8652
24.245	11.8652
24.25	11.8652
24.255	11.8652
24.26	11.8652
24.265	11.8652
24.27	11.8652
24.275	11.8652
24.28	11.8652
24.285	11.8652
24.29	11.8652
24.295	11.8652
24.3	11.8652
24.305	11.8652
24.31	11.8652
24.315	11.8652
24.32	11.8652
24.325	11.8652
24.33	11.8652
24.335	11.8652
24.34	11.8652
24.345	11.8652
24.35	11.8652
24.355	11.8652
24.36	11.8213
24.365	11.8213
24.37	11.8213
24.375	11.8213
24.38	11.8213
24.385	11.8213
24.39	11.8213
24.395	11.8213
24.4	11.8213
24.405	11.8213
24.41	11.8213
24.415	11.8213
24.42	11.8213
24.425	11.8213
24.43	11.8213
24.435	11.8213
24.44	11.8213
24.445	11.8213
24.45	11.8213
24.455	11.8213
24.46	11.8213
24.465	11.8213
24.47	11.8213
24.475	11.8213
24.48	11.8213
24.485	11.8213
24.49	11.8213
24.495	11.8213
24.5	11.8213
24.505	11.8213
24.51	11.8213
24.515	11.8213
24.52	11.8213
24.525	11.8213
24.53	11.8213
24.535	11.8213
24.54	11.8213
24.545	11.8213
24.55	11.8213
24.555	11.8213
24.56	11.8213
24.565	11.8213
24.57	11.8213
24.575	11.8213
24.58	11.8213
24.585	11.8213
24.59	11.8213
24.595	11.8213
24.6	11.8213
24.605	11.7773
24.61	11.7773
24.615	11.7773
24.62	11.7773
24.625	11.7773
24.63	11.7773
24.635	11.7773
24.64	11.7773
24.645	11.7773
24.65	11.7773
24.655	11.7773
24.66	11.7773
24.665	11.7773
24.67	11.7773
24.675	11.7773
24.68	11.7773
24.685	11.7773
24.69	11.7773
24.695	11.7773
24.7	11.7773
24.705	11.7773
24.71	11.7773
24.715	11.7773
24.72	11.7773
24.725	11.7773
24.73	11.7773
24.735	11.7773
24.74	11.7773
24.745	11.7773
24.75	11.7773
24.755	11.7773
24.76	11.7773
24.765	11.7773
24.77	11.7773
24.775	11.7773
24.78	11.7773
24.785	11.7773
24.79	11.7773
24.795	11.7773
24.8	11.7773
24.805	11.7773
24.81	11.7773
24.815	11.7773
24.82	11.7773
24.825	11.7773
24.83	11.7773
24.835	11.7773
24.84	11.7773
24.845	11.7773
24.85	11.7773
24.855	11.7773
24.86	11.7773
24.865	11.7334
24.87	11.7773
24.875	11.7773
24.88	11.7334
24.885	11.7334
24.89	11.7773
24.895	11.7334
24.9	11.7773
24.905	11.7773
24.91	11.7334
24.915	11.7334
24.92	11.7334
24.925	11.7334
24.93	11.7334
24.935	11.7334
24.94	11.7334
24.945	11.7334
24.95	11.7334
24.955	11.7334
24.96	11.7334
24.965	11.7334
24.97	11.7334
24.975	11.7334
24.98	11.7334
24.985	11.7334
24.99	11.7334
24.995	11.7334
25	11.7334
25.005	11.7334
25.01	11.7334
25.015	11.7334
25.02	11.7334
25.025	11.7334
25.03	11.7334
25.035	11.7334
25.04	11.7334
25.045	11.7773
25.05	11.7334
25.055	11.7334
25.06	11.7773
25.065	11.7773
25.07	11.7773
25.075	11.7773
25.08	11.7773
25.085	11.7773
25.09	11.7773
25.095	11.7773
25.1	11.7773
25.105	11.7773
25.11	11.7773
25.115	11.7773
25.12	11.8213
25.125	11.8213
25.13	11.8213
25.135	11.8213
25.14	11.8213
25.145	11.8213
25.15	11.8652
25.155	11.8652
25.16	11.8652
25.165	11.9092
25.17	11.8213
25.175	11.8652
25.18	11.9092
25.185	11.8652
25.19	11.8652
25.195	11.9531
25.2	11.9092
25.205	11.9092
25.21	11.9092
25.215	11.9531
25.22	11.9092
25.225	12.041
25.23	11.9092
25.235	11.9971
25.24	11.9971
25.245	11.9971
25.25	11.9971
25.255	12.041
25.26	11.9971
25.265	12.041
25.27	12.041
25.275	12.041
25.28	12.085
25.285	12.041
25.29	12.085
25.295	12.085
25.3	12.085
25.305	12.085
25.31	12.1289
25.315	12.1289
25.32	12.1289
25.325	12.1289
25.33	12.1289
25.335	12.1289
25.34	12.1289
25.345	12.1289
25.35	12.1289
25.355	12.1289
25.36	12.1289
25.365	12.1289
25.37	12.1289
25.375	12.1289
25.38	12.1289
25.385	12.1289
25.39	12.1289
25.395	12.1289
25.4	12.1289
25.405	12.085
25.41	12.1289
25.415	12.1289
25.42	12.085
25.425	12.085
25.43	12.085
25.435	12.085
25.44	12.085
25.445	12.085
25.45	12.085
25.455	12.085
25.46	12.085
25.465	12.041
25.47	12.041
25.475	12.041
25.48	12.041
25.485	12.041
25.49	12.041
25.495	12.041
25.5	12.041
25.505	12.041
25.51	11.9971
25.515	11.9971
25.52	11.9971
25.525	11.9971
25.53	11.9971
25.535	11.9971
25.54	11.9971
25.545	11.9531
25.55	11.9531
25.555	11.9531
25.56	11.9531
25.565	11.9531
25.57	11.9531
25.575	11.9092
25.58	11.9092
25.585	11.9092
25.59	11.9092
25.595	11.9092
25.6	11.8652
25.605	11.8652
25.61	11.8652
25.615	11.8652
25.62	11.8652
25.625	11.8652
25.63	11.8213
25.635	11.8213
25.64	11.8213
25.645	11.8213
25.65	11.8213
25.655	11.8213
25.66	11.8213
25.665	11.7773
25.67	11.7773
25.675	11.7773
25.68	11.7773
25.685	11.7773
25.69	11.7773
25.695	11.7773
25.7	11.7773
25.705	11.7773
25.71	11.7773
25.715	11.7773
25.72	11.7773
25.725	11.7773
25.73	11.7773
25.735	11.7773
25.74	11.7334
25.745	11.7773
25.75	11.7773
25.755	11.7334
25.76	11.7773
25.765	11.7773
25.77	11.7773
25.775	11.7773
25.78	11.7773
25.785	11.7773
25.79	11.7773
25.795	11.7773
25.8	11.7773
25.805	11.7773
25.81	11.7773
25.815	11.7773
25.82	11.7773
25.825	11.7773
25.83	11.7773
25.835	11.7773
25.84	11.7773
25.845	11.7773
25.85	11.7773
25.855	11.8213
25.86	11.8213
25.865	11.8213
25.87	11.8213
25.875	11.8213
25.88	11.8213
25.885	11.8213
25.89	11.8213
25.895	11.8213
25.9	11.8213
25.905	11.8652
25.91	11.8652
25.915	11.8652
25.92	11.8652
25.925	11.8652
25.93	11.8652
25.935	11.8652
25.94	11.9092
25.945	11.9092
25.95	11.9092
25.955	11.9092
25.96	11.9092
25.965	11.9092
25.97	11.9092
25.975	11.9531
25.98	11.9531
25.985	11.9531
25.99	11.9531
25.995	11.9531
26	11.9531
26.005	11.9971
26.01	11.9971
26.015	11.9971
26.02	11.9971
26.025	11.9971
26.03	12.041
26.035	12.041
26.04	12.041
26.045	12.041
26.05	12.041
26.055	12.085
26.06	12.085
26.065	12.085
26.07	12.085
26.075	12.085
26.08	12.085
26.085	12.085
26.09	12.085
26.095	12.1289
26.1	12.1289
26.105	12.1289
26.11	12.1289
26.115	12.1289
26.12	12.1289
26.125	12.1729
26.13	12.1729
26.135	12.1729
26.14	12.1729
26.145	12.1729
26.15	12.1729
26.155	12.1729
26.16	12.1729
26.165	12.2168
26.17	12.2168
26.175	12.2168
26.18	12.2168
26.185	12.2168
26.19	12.2168
26.195	12.2168
26.2	12.2168
26.205	12.2168
26.21	12.2168
26.215	12.2168
26.22	12.2607
26.225	12.2607
26.23	12.2607
26.235	12.2607
26.24	12.2607
26.245	12.2607
26.25	12.2607
26.255	12.2607
26.26	12.2607
26.265	12.2607
26.27	12.3047
26.275	12.3047
26.28	12.3047
26.285	12.3047
26.29	12.3047
26.295	12.3047
26.3	12.3047
26.305	12.3047
26.31	12.3047
26.315	12.3047
26.32	12.3047
26.325	12.3486
26.33	12.3486
26.335	12.3486
26.34	12.3486
26.345	12.3486
26.35	12.3486
26.355	12.3486
26.36	12.3486
26.365	12.3486
26.37	12.3486
26.375	12.3486
26.38	12.3486
26.385	12.3486
26.39	12.3926
26.395	12.3926
26.4	12.3926
26.405	12.3926
26.41	12.3926
26.415	12.3926
26.42	12.3926
26.425	12.3926
26.43	12.3926
26.435	12.3926
26.44	12.3926
26.445	12.3926
26.45	12.3926
26.455	12.3926
26.46	12.3926
26.465	12.3926
26.47	12.3926
26.475	12.3926
26.48	12.3926
26.485	12.3926
26.49	12.4365
26.495	12.4365
26.5	12.4365
26.505	12.4365
26.51	12.4365
26.515	12.4365
26.52	12.4365
26.525	12.4365
26.53	12.4365
26.535	12.4365
26.54	12.4365
26.545	12.4365
26.55	12.4365
26.555	12.4365
26.56	12.4365
26.565	12.4365
26.57	12.4365
26.575	12.4365
26.58	12.4365
26.585	12.4365
26.59	12.4365
26.595	12.4365
26.6	12.4365
26.605	12.4365
26.61	12.4805
26.615	12.4805
26.62	12.4805
26.625	12.4805
26.63	12.4805
26.635	12.4805
26.64	12.4805
26.645	12.4805
26.65	12.4805
26.655	12.4805
26.66	12.4805
26.665	12.4805
26.67	12.4805
26.675	12.4805
26.68	12.4805
26.685	12.4805
26.69	12.4805
26.695	12.4805
26.7	12.4805
26.705	12.4805
26.71	12.4805
26.715	12.4805
26.72	12.4805
26.725	12.4805
26.73	12.4805
26.735	12.4805
26.74	12.4805
26.745	12.4805
26.75	12.4805
26.755	12.4805
26.76	12.4805
26.765	12.4805
26.77	12.4805
26.775	12.4805
26.78	12.4805
26.785	12.4805
26.79	12.4805
26.795	12.4805
26.8	12.4805
26.805	12.4805
26.81	12.4805
26.815	12.4805
26.82	12.4805
26.825	12.4805
26.83	12.4805
26.835	12.4805
26.84	12.4805
26.845	12.4365
26.85	12.4365
26.855	12.4365
26.86	12.4365
26.865	12.4365
26.87	12.4365
26.875	12.4365
26.88	12.4365
26.885	12.4365
26.89	12.4365
26.895	12.4365
26.9	12.4365
26.905	12.4365
26.91	12.4365
26.915	12.4365
26.92	12.4365
26.925	12.4365
26.93	12.4365
26.935	12.4365
26.94	12.4365
26.945	12.4365
26.95	12.4365
26.955	12.3926
26.96	12.3926
26.965	12.3926
26.97	12.3926
26.975	12.3926
26.98	12.3926
26.985	12.3926
26.99	12.3926
26.995	12.3926
27	12.3926
27.005	12.3926
27.01	12.3926
27.015	12.3926
27.02	12.3926
27.025	12.3926
27.03	12.3926
27.035	12.3926
27.04	12.3926
27.045	12.3926
27.05	12.3926
27.055	12.3926
27.06	12.3926
27.065	12.3926
27.07	12.3926
27.075	12.3486
27.08	12.3486
27.085	12.3486
27.09	12.3486
27.095	12.3486
27.1	12.3486
27.105	12.3486
27.11	12.3486
27.115	12.3486
27.12	12.3486
27.125	12.3486
27.13	12.3486
27.135	12.3486
27.14	12.3486
27.145	12.3486
27.15	12.3486
27.155	12.3486
27.16	12.3047
27.165	12.3047
27.17	12.3047
27.175	12.3047
27.18	12.3047
27.185	12.3047
27.19	12.3047
27.195	12.3047
27.2	12.3047
27.205	12.3047
27.21	12.3047
27.215	12.3047
27.22	12.3047
27.225	12.3047
27.23	12.3047
27.235	12.3047
27.24	12.3047
27.245	12.3047
27.25	12.3047
27.255	12.2607
27.26	12.2607
27.265	12.2607
27.27	12.2607
27.275	12.2607
27.28	12.2607
27.285	12.2607
27.29	12.2607
27.295	12.2607
27.3	12.2607
27.305	12.2607
27.31	12.2607
27.315	12.2607
27.32	12.2607
27.325	12.2607
27.33	12.2607
27.335	12.2168
27.34	12.2168
27.345	12.2168
27.35	12.2168
27.355	12.2168
27.36	12.2168
27.365	12.2168
27.37	12.2168
27.375	12.2168
27.38	12.2168
27.385	12.2168
27.39	12.2168
27.395	12.2168
27.4	12.2168
27.405	12.2168
27.41	12.2168
27.415	12.2168
27.42	12.2168
27.425	12.2168
27.43	12.2168
27.435	12.2168
27.44	12.1729
27.445	12.1729
27.45	12.1729
27.455	12.1729
27.46	12.1729
27.465	12.1729
27.47	12.1729
27.475	12.1729
27.48	12.1729
27.485	12.1729
27.49	12.1729
27.495	12.1729
27.5	12.1729
27.505	12.1729
27.51	12.1289
27.515	12.1289
27.52	12.1289
27.525	12.1289
27.53	12.1289
27.535	12.1289
27.54	12.1289
27.545	12.1289
27.55	12.1289
27.555	12.1289
27.56	12.1289
27.565	12.1289
27.57	12.085
27.575	12.085
27.58	12.085
27.585	12.085
27.59	12.085
27.595	12.085
27.6	12.085
27.605	12.085
27.61	12.085
27.615	12.085
27.62	12.085
27.625	12.085
27.63	12.085
27.635	12.085
27.64	12.085
27.645	12.085
27.65	12.085
27.655	12.085
27.66	12.085
27.665	12.041
27.67	12.041
27.675	12.041
27.68	12.041
27.685	12.041
27.69	12.041
27.695	12.041
27.7	12.041
27.705	12.041
27.71	12.041
27.715	12.041
27.72	12.041
27.725	12.041
27.73	12.041
27.735	12.041
27.74	12.041
27.745	12.041
27.75	11.9971
27.755	11.9971
27.76	11.9971
27.765	11.9971
27.77	11.9971
27.775	11.9971
27.78	11.9971
27.785	11.9971
27.79	11.9971
27.795	11.9971
27.8	11.9971
27.805	11.9971
27.81	11.9971
27.815	11.9971
27.82	11.9971
27.825	11.9531
27.83	11.9531
27.835	11.9531
27.84	11.9531
27.845	11.9531
27.85	11.9531
27.855	11.9531
27.86	11.9531
27.865	11.9531
27.87	11.9531
27.875	11.9531
27.88	11.9531
27.885	11.9531
27.89	11.9531
27.895	11.9531
27.9	11.9531
27.905	11.9531
27.91	11.9531
27.915	11.9531
27.92	11.9092
27.925	11.9092
27.93	11.9092
27.935	11.9092
27.94	11.9092
27.945	11.9092
27.95	11.9092
27.955	11.9092
27.96	11.9092
27.965	11.9092
27.97	11.9092
27.975	11.9092
27.98	11.9092
27.985	11.9092
27.99	11.9092
27.995	11.9092
28	11.9092
28.005	11.9092
28.01	11.9092
28.015	11.8652
28.02	11.8652
28.025	11.8652
28.03	11.8652
28.035	11.8652
28.04	11.8652
28.045	11.8652
28.05	11.8652
28.055	11.8652
28.06	11.8652
28.065	11.8652
28.07	11.8652
28.075	11.8652
28.08	11.8652
28.085	11.8652
28.09	11.8652
28.095	11.8652
28.1	11.8652
28.105	11.8652
28.11	11.8652
28.115	11.8652
28.12	11.8652
28.125	11.8652
28.13	11.8213
28.135	11.8213
28.14	11.8213
28.145	11.8213
28.15	11.8213
28.155	11.8213
28.16	11.8213
28.165	11.8213
28.17	11.8213
28.175	11.8213
28.18	11.8213
28.185	11.8213
28.19	11.8213
28.195	11.8213
28.2	11.8213
28.205	11.8213
28.21	11.8213
28.215	11.8213
28.22	11.8213
28.225	11.8213
28.23	11.8213
28.235	11.8213
28.24	11.8213
28.245	11.8213
28.25	11.8213
28.255	11.8213
28.26	11.8213
28.265	11.8213
28.27	11.8213
28.275	11.8213
28.28	11.8213
28.285	11.8213
28.29	11.8213
28.295	11.8213
28.3	11.8213
28.305	11.7773
28.31	11.7773
28.315	11.7773
28.32	11.7773
28.325	11.7773
28.33	11.7773
28.335	11.7773
28.34	11.7773
28.345	11.7773
28.35	11.7773
28.355	11.7773
28.36	11.7773
28.365	11.7773
28.37	11.7773
28.375	11.7773
28.38	11.7773
28.385	11.7773
28.39	11.7773
28.395	11.7773
28.4	11.7773
28.405	11.7773
28.41	11.7773
28.415	11.7773
28.42	11.7773
28.425	11.7773
28.43	11.7773
28.435	11.7773
28.44	11.7773
28.445	11.7773
28.45	11.7773
28.455	11.7773
28.46	11.7773
28.465	11.7773
28.47	11.7773
28.475	11.7773
28.48	11.7773
28.485	11.7773
28.49	11.7773
28.495	11.7773
28.5	11.7773
28.505	11.7773
28.51	11.7773
28.515	11.7773
28.52	11.7773
28.525	11.7773
28.53	11.7773
28.535	11.7773
28.54	11.7773
28.545	11.7773
28.55	11.7773
28.555	11.7773
28.56	11.7773
28.565	11.7773
28.57	11.7773
28.575	11.7773
28.58	11.7773
28.585	11.7773
28.59	11.7773
28.595	11.7773
28.6	11.7773
28.605	11.7773
28.61	11.7773
28.615	11.7773
28.62	11.7773
28.625	11.7773
28.63	11.7773
28.635	11.7773
28.64	11.7773
28.645	11.7773
28.65	11.7773
28.655	11.7773
28.66	11.7773
28.665	11.7773
28.67	11.7773
28.675	11.7773
28.68	11.7773
28.685	11.7773
28.69	11.7773
28.695	11.7773
28.7	11.7334
28.705	11.7334
28.71	11.7334
28.715	11.7334
28.72	11.7334
28.725	11.7334
28.73	11.7334
28.735	11.7334
28.74	11.7334
28.745	11.7334
28.75	11.7334
28.755	11.7334
28.76	11.7334
28.765	11.7334
28.77	11.7334
28.775	11.7334
28.78	11.7334
28.785	11.7334
28.79	11.7773
28.795	11.7773
28.8	11.7773
28.805	11.7773
28.81	11.7773
28.815	11.7773
28.82	11.7773
28.825	11.7773
28.83	11.7773
28.835	11.7773
28.84	11.7773
28.845	11.7773
28.85	11.7773
28.855	11.7773
28.86	11.7773
28.865	11.7773
28.87	11.7773
28.875	11.7773
28.88	11.7773
28.885	11.7773
28.89	11.7773
28.895	11.7773
28.9	11.7773
28.905	11.7773
28.91	11.7773
28.915	11.7773
28.92	11.7773
28.925	11.7773
28.93	11.7773
28.935	11.7773
28.94	11.7773
28.945	11.7773
28.95	11.7773
28.955	11.7773
28.96	11.7773
28.965	11.7773
28.97	11.7773
28.975	11.7773
28.98	11.7773
28.985	11.7773
28.99	11.7773
28.995	11.7773
29	11.7773
29.005	11.7773
29.01	11.7773
29.015	11.7773
29.02	11.7773
29.025	11.7773
29.03	11.7773
29.035	11.7773
29.04	11.7773
29.045	11.7773
29.05	11.7773
29.055	11.7773
29.06	11.7773
29.065	11.7773
29.07	11.7773
29.075	11.7773
29.08	11.7773
29.085	11.7773
29.09	11.7773
29.095	11.7773
29.1	11.7773
29.105	11.7773
29.11	11.7773
29.115	11.7773
29.12	11.7773
29.125	11.7773
29.13	11.7773
29.135	11.7773
29.14	11.7773
29.145	11.7773
29.15	11.7773
29.155	11.7773
29.16	11.7773
29.165	11.7773
29.17	11.7773
29.175	11.7773
29.18	11.7773
29.185	11.7773
29.19	11.7773
29.195	11.7773
29.2	11.7773
29.205	11.7773
29.21	11.7773
29.215	11.7773
29.22	11.7773
29.225	11.7773
29.23	11.7773
29.235	11.7773
29.24	11.7773
29.245	11.7773
29.25	11.7773
29.255	11.7773
29.26	11.7773
29.265	11.7773
29.27	11.7773
29.275	11.7773
29.28	11.7773
29.285	11.7773
29.29	11.7773
29.295	11.7773
29.3	11.7773
29.305	11.7773
29.31	11.7773
29.315	11.7773
29.32	11.7773
29.325	11.7773
29.33	11.7773
29.335	11.7773
29.34	11.7773
29.345	11.7773
29.35	11.7773
29.355	11.7773
29.36	11.7773
29.365	11.7773
29.37	11.7773
29.375	11.7773
29.38	11.7773
29.385	11.7773
29.39	11.7773
29.395	11.7773
29.4	11.7773
29.405	11.7773
29.41	11.7773
29.415	11.7773
29.42	11.7773
29.425	11.7773
29.43	11.8213
29.435	11.7773
29.44	11.8213
29.445	11.8213
29.45	11.8213
29.455	11.8213
29.46	11.8213
29.465	11.8213
29.47	11.8213
29.475	11.8213
29.48	11.8213
29.485	11.8213
29.49	11.8213
29.495	11.8213
29.5	11.8213
29.505	11.8213
29.51	11.8213
29.515	11.8213
29.52	11.8213
29.525	11.8213
29.53	11.8213
29.535	11.8213
29.54	11.8213
29.545	11.8213
29.55	11.8213
29.555	11.8213
29.56	11.8213
29.565	11.8213
29.57	11.8213
29.575	11.8213
29.58	11.8213
29.585	11.8213
29.59	11.8213
29.595	11.8213
29.6	11.8213
29.605	11.8213
29.61	11.8213
29.615	11.8213
29.62	11.8213
29.625	11.8213
29.63	11.8213
29.635	11.8213
29.64	11.8213
29.645	11.8213
29.65	11.8213
29.655	11.8213
29.66	11.8213
29.665	11.8213
29.67	11.8213
29.675	11.8213
29.68	11.8213
29.685	11.8213
29.69	11.8213
29.695	11.8213
29.7	11.8213
29.705	11.8213
29.71	11.8213
29.715	11.8213
29.72	11.8213
29.725	11.8213
29.73	11.8213
29.735	11.7773
29.74	11.8213
29.745	11.8213
29.75	11.7773
29.755	11.7773
29.76	11.7773
29.765	11.7773
29.77	11.7773
29.775	11.7773
29.78	11.7773
29.785	11.7773
29.79	11.7773
29.795	11.7773
29.8	11.7773
29.805	11.7773
29.81	11.7773
29.815	11.7773
29.82	11.7773
29.825	11.7773
29.83	11.7773
29.835	11.7773
29.84	11.7773
29.845	11.7773
29.85	11.7773
29.855	11.7773
29.86	11.7773
29.865	11.7773
29.87	11.7773
29.875	11.7773
29.88	11.7773
29.885	11.7773
29.89	11.7773
29.895	11.7773
29.9	11.7773
29.905	11.7773
29.91	11.7773
29.915	11.7773
29.92	11.7773
29.925	11.7773
29.93	11.7773
29.935	11.7773
29.94	11.7773
29.945	11.7773
29.95	11.7773
29.955	11.7773
29.96	11.7773
29.965	11.7773
29.97	11.7773
29.975	11.7773
29.98	11.7773
29.985	11.7773
29.99	11.7773
29.995	11.7773
30	11.7773
30.005	11.7773
30.01	11.7773
30.015	11.7773
30.02	11.7773
30.025	11.7773
30.03	11.7773
30.035	11.7334
30.04	11.7334
30.045	11.7334
30.05	11.7334
30.055	11.7334
30.06	11.7334
30.065	11.6895
30.07	11.6895
30.075	11.6895
30.08	11.6455
30.085	11.6455
30.09	11.6455
30.095	11.6455
30.1	11.6455
30.105	11.6016
30.11	11.6016
30.115	11.6016
30.12	11.5576
30.125	11.5576
30.13	11.5576
30.135	11.5137
30.14	11.5137
30.145	11.5137
30.15	11.5137
30.155	11.5137
30.16	11.4697
30.165	11.4697
30.17	11.4258
30.175	11.4258
30.18	11.4258
30.185	11.3818
30.19	11.3818
30.195	11.3818
30.2	11.3379
30.205	11.3379
30.21	11.3379
30.215	11.3379
30.22	11.2939
30.225	11.2939
30.23	11.25
30.235	11.25
30.24	11.25
30.245	11.25
30.25	11.2061
30.255	11.2061
30.26	11.2061
30.265	11.2061
30.27	11.2061
30.275	11.1621
30.28	11.1621
30.285	11.1621
30.29	11.1182
30.295	11.1182
30.3	11.1182
30.305	11.1182
30.31	11.1182
30.315	11.1182
30.32	11.1182
30.325	11.1182
30.33	11.0742
30.335	11.0742
30.34	11.0742
30.345	11.0742
30.35	11.0742
30.355	11.0742
30.36	11.0742
30.365	11.0742
30.37	11.0742
30.375	11.0742
30.38	11.0742
30.385	11.0742
30.39	11.0742
30.395	11.0742
30.4	11.0742
30.405	11.0742
30.41	11.0742
30.415	11.0742
30.42	11.0742
30.425	11.0303
30.43	11.0742
30.435	11.0303
30.44	11.0303
30.445	11.0303
30.45	11.0303
30.455	11.0303
30.46	11.0303
30.465	11.0303
30.47	10.9863
30.475	10.9863
30.48	10.9863
30.485	10.9863
30.49	10.9424
30.495	10.9424
30.5	10.8984
30.505	10.8984
30.51	10.8545
30.515	10.8545
30.52	10.8105
30.525	10.8105
30.53	10.7227
30.535	10.7666
30.54	10.7227
30.545	10.6787
30.55	10.6348
30.555	10.6348
30.56	10.5908
30.565	10.5029
30.57	10.5469
30.575	10.459
30.58	10.3711
30.585	10.2832
30.59	10.2832
30.595	10.2393
30.6	10.1514
30.605	10.1074
30.61	10.1074
30.615	9.97559
30.62	9.97559
30.625	9.93164
30.63	9.84375
30.635	9.7998
30.64	9.66797
30.645	9.62402
30.65	9.58008
30.655	9.44824
30.66	9.44824
30.665	9.36035
30.67	9.18457
30.675	9.18457
30.68	9.09668
30.685	8.96484
30.69	8.96484
30.695	8.87695
30.7	8.70117
30.705	8.65723
30.71	8.52539
30.715	8.4375
30.72	8.4375
30.725	8.21777
30.73	8.17383
30.735	8.12988
30.74	7.91016
30.745	7.86621
30.75	7.77832
30.755	7.64648
30.76	7.60254
30.765	7.51465
30.77	7.38281
30.775	7.33887
30.78	7.29492
30.785	7.11914
30.79	7.03125
30.795	6.9873
30.8	6.81152
30.805	6.76758
30.81	6.54785
30.815	6.50391
30.82	6.41602
30.825	6.28418
30.83	6.19629
30.835	6.15234
30.84	5.93262
30.845	5.84473
30.85	5.80078
30.855	5.625
30.86	5.58105
30.865	5.53711
30.87	5.36133
30.875	5.31738
30.88	5.09766
30.885	5.05371
30.89	5.00977
30.895	4.79004
30.9	4.70215
30.905	4.52637
30.91	4.48242
30.915	4.43848
30.92	4.2627
30.925	4.1748
30.93	4.13086
30.935	3.91113
30.94	3.82324
30.945	3.7793
30.95	3.69141
30.955	3.60352
30.96	3.55957
30.965	3.33984
30.97	3.25195
30.975	3.20801
30.98	3.03223
30.985	2.98828
30.99	2.90039
30.995	2.72461
31	2.68066
31.005	2.50488
31.01	2.46094
31.015	2.37305
31.02	2.15332
31.025	2.10938
31.03	2.02148
31.035	1.8457
31.04	1.80176
31.045	1.62598
31.05	1.58203
31.055	1.53809
31.06	1.3623
31.065	1.27441
31.07	1.23047
31.075	1.01074
31.08	0.966797
31.085	0.922852
31.09	0.74707
31.095	0.65918
31.1	0.615234
31.105	0.439453
31.11	0.395508
31.115	0.351562
31.12	0.219727
31.125	0.175781
31.13	0.131836
31.135	-0.0439453
31.14	-0.0878906
31.145	-0.175781
31.15	-0.351562
31.155	-0.439453
31.16	-0.571289
31.165	-0.65918
31.17	-0.703125
31.175	-0.791016
31.18	-0.878906
31.185	-0.922852
31.19	-1.05469
31.195	-1.14258
31.2	-1.18652
31.205	-1.31836
31.21	-1.40625
31.215	-1.4502
31.22	-1.62598
31.225	-1.71387
31.23	-1.8457
31.235	-1.93359
31.24	-1.97754
31.245	-2.06543
31.25	-2.10938
31.255	-2.15332
31.26	-2.3291
31.265	-2.37305
31.27	-2.41699
31.275	-2.50488
31.28	-2.54883
31.285	-2.59277
31.29	-2.8125
31.295	-2.85645
31.3	-2.90039
31.305	-3.03223
31.31	-3.07617
31.315	-3.12012
31.32	-3.2959
31.325	-3.33984
31.33	-3.38379
31.335	-3.51563
31.34	-3.55957
31.345	-3.69141
31.35	-3.73535
31.355	-3.7793
31.36	-3.86719
31.365	-3.95508
31.37	-3.95508
31.375	-4.13086
31.38	-4.13086
31.385	-4.21875
31.39	-4.30664
31.395	-4.35059
31.4	-4.48242
31.405	-4.52637
31.41	-4.6582
31.415	-4.6582
31.42	-4.70215
31.425	-4.83398
31.43	-4.87793
31.435	-4.92188
31.44	-5.00977
31.445	-5.05371
31.45	-5.09766
31.455	-5.27344
31.46	-5.31738
31.465	-5.40527
31.47	-5.49316
31.475	-5.58105
31.48	-5.625
31.485	-5.75684
31.49	-5.80078
31.495	-5.84473
31.5	-5.88867
31.505	-5.93262
31.51	-5.97656
31.515	-6.1084
31.52	-6.15234
31.525	-6.15234
31.53	-6.24023
31.535	-6.28418
31.54	-6.32812
31.545	-6.45996
31.55	-6.50391
31.555	-6.63574
31.56	-6.67969
31.565	-6.72363
31.57	-6.85547
31.575	-6.89941
31.58	-6.9873
31.585	-7.03125
31.59	-7.0752
31.595	-7.11914
31.6	-7.16309
31.605	-7.20703
31.61	-7.29492
31.615	-7.33887
31.62	-7.33887
31.625	-7.42676
31.63	-7.4707
31.635	-7.55859
31.64	-7.55859
31.645	-7.64648
31.65	-7.69043
31.655	-7.73437
31.66	-7.82227
31.665	-7.82227
31.67	-7.91016
31.675	-7.91016
31.68	-8.04199
31.685	-8.08594
31.69	-8.17383
31.695	-8.17383
31.7	-8.21777
31.705	-8.26172
31.71	-8.30566
31.715	-8.30566
31.72	-8.34961
31.725	-8.39355
31.73	-8.4375
31.735	-8.4375
31.74	-8.48145
31.745	-8.48145
31.75	-8.52539
31.755	-8.56934
31.76	-8.61328
31.765	-8.65723
31.77	-8.65723
31.775	-8.70117
31.78	-8.74512
31.785	-8.78906
31.79	-8.78906
31.795	-8.87695
31.8	-8.87695
31.805	-8.87695
31.81	-8.96484
31.815	-8.96484
31.82	-8.96484
31.825	-9.05273
31.83	-9.05273
31.835	-9.05273
31.84	-9.14063
31.845	-9.14063
31.85	-9.14063
31.855	-9.18457
31.86	-9.22852
31.865	-9.22852
31.87	-9.27246
31.875	-9.27246
31.88	-9.31641
31.885	-9.36035
31.89	-9.36035
31.895	-9.4043
31.9	-9.4043
31.905	-9.44824
31.91	-9.44824
31.915	-9.49219
31.92	-9.53613
31.925	-9.58008
31.93	-9.58008
31.935	-9.58008
31.94	-9.66797
31.945	-9.66797
31.95	-9.71191
31.955	-9.71191
31.96	-9.75586
31.965	-9.7998
31.97	-9.7998
31.975	-9.84375
31.98	-9.84375
31.985	-9.84375
31.99	-9.8877
31.995	-9.93164
32	-9.93164
32.005	-9.97559
32.01	-9.97559
32.015	-10.0195
32.02	-10.0195
32.025	-10.0635
32.03	-10.1074
32.035	-10.1074
32.04	-10.1514
32.045	-10.1514
32.05	-10.1514
32.055	-10.1953
32.06	-10.1953
32.065	-10.2393
32.07	-10.2393
32.075	-10.2393
32.08	-10.2832
32.085	-10.2832
32.09	-10.3271
32.095	-10.3271
32.1	-10.3711
32.105	-10.3711
32.11	-10.3711
32.115	-10.415
