Simulation Time - Measured	Travel (deg) - Measured
0	0
0.005	0
0.01	0
0.015	-0.0439453
0.02	-0.0439453
0.025	-0.0439453
0.03	-0.0439453
0.035	-0.0439453
0.04	-0.0439453
0.045	-0.0439453
0.05	-0.0439453
0.055	-0.0439453
0.06	-0.0439453
0.065	-0.0439453
0.07	-0.0878906
0.075	-0.0878906
0.08	-0.0878906
0.085	-0.0878906
0.09	-0.0878906
0.095	-0.0878906
0.1	-0.131836
0.105	-0.131836
0.11	-0.131836
0.115	-0.131836
0.12	-0.131836
0.125	-0.131836
0.13	-0.175781
0.135	-0.175781
0.14	-0.175781
0.145	-0.175781
0.15	-0.175781
0.155	-0.175781
0.16	-0.175781
0.165	-0.175781
0.17	-0.175781
0.175	-0.219727
0.18	-0.175781
0.185	-0.175781
0.19	-0.219727
0.195	-0.219727
0.2	-0.175781
0.205	-0.219727
0.21	-0.219727
0.215	-0.219727
0.22	-0.219727
0.225	-0.175781
0.23	-0.219727
0.235	-0.175781
0.24	-0.175781
0.245	-0.175781
0.25	-0.175781
0.255	-0.175781
0.26	-0.175781
0.265	-0.175781
0.27	-0.131836
0.275	-0.131836
0.28	-0.131836
0.285	-0.0878906
0.29	-0.175781
0.295	-0.0878906
0.3	-0.0439453
0.305	-0.131836
0.31	-0.0439453
0.315	-0.0439453
0.32	0
0.325	-0.0878906
0.33	0
0.335	0
0.34	-0.0439453
0.345	0
0.35	0.0878906
0.355	0.0439453
0.36	0.0439453
0.365	0.131836
0.37	0.0878906
0.375	0.175781
0.38	0.131836
0.385	0.175781
0.39	0.175781
0.395	0.175781
0.4	0.263672
0.405	0.219727
0.41	0.263672
0.415	0.219727
0.42	0.263672
0.425	0.263672
0.43	0.263672
0.435	0.263672
0.44	0.263672
0.445	0.263672
0.45	0.307617
0.455	0.307617
0.46	0.307617
0.465	0.307617
0.47	0.307617
0.475	0.307617
0.48	0.351562
0.485	0.351562
0.49	0.351562
0.495	0.351562
0.5	0.351562
0.505	0.351562
0.51	0.351562
0.515	0.351562
0.52	0.351562
0.525	0.395508
0.53	0.395508
0.535	0.395508
0.54	0.395508
0.545	0.439453
0.55	0.439453
0.555	0.439453
0.56	0.439453
0.565	0.439453
0.57	0.439453
0.575	0.439453
0.58	0.439453
0.585	0.439453
0.59	0.439453
0.595	0.439453
0.6	0.439453
0.605	0.439453
0.61	0.483398
0.615	0.483398
0.62	0.483398
0.625	0.483398
0.63	0.483398
0.635	0.483398
0.64	0.483398
0.645	0.483398
0.65	0.483398
0.655	0.483398
0.66	0.483398
0.665	0.483398
0.67	0.483398
0.675	0.483398
0.68	0.483398
0.685	0.483398
0.69	0.483398
0.695	0.483398
0.7	0.483398
0.705	0.527344
0.71	0.527344
0.715	0.483398
0.72	0.483398
0.725	0.483398
0.73	0.527344
0.735	0.483398
0.74	0.483398
0.745	0.483398
0.75	0.483398
0.755	0.483398
0.76	0.483398
0.765	0.483398
0.77	0.483398
0.775	0.527344
0.78	0.527344
0.785	0.527344
0.79	0.527344
0.795	0.527344
0.8	0.527344
0.805	0.527344
0.81	0.527344
0.815	0.527344
0.82	0.527344
0.825	0.527344
0.83	0.527344
0.835	0.527344
0.84	0.527344
0.845	0.527344
0.85	0.527344
0.855	0.527344
0.86	0.527344
0.865	0.527344
0.87	0.527344
0.875	0.527344
0.88	0.527344
0.885	0.527344
0.89	0.527344
0.895	0.527344
0.9	0.527344
0.905	0.527344
0.91	0.527344
0.915	0.527344
0.92	0.527344
0.925	0.527344
0.93	0.527344
0.935	0.527344
0.94	0.527344
0.945	0.527344
0.95	0.527344
0.955	0.527344
0.96	0.527344
0.965	0.527344
0.97	0.527344
0.975	0.527344
0.98	0.527344
0.985	0.527344
0.99	0.527344
0.995	0.527344
1	0.527344
1.005	0.527344
1.01	0.527344
1.015	0.571289
1.02	0.571289
1.025	0.571289
1.03	0.571289
1.035	0.571289
1.04	0.571289
1.045	0.571289
1.05	0.571289
1.055	0.571289
1.06	0.571289
1.065	0.571289
1.07	0.571289
1.075	0.571289
1.08	0.615234
1.085	0.615234
1.09	0.615234
1.095	0.615234
1.1	0.615234
1.105	0.615234
1.11	0.615234
1.115	0.65918
1.12	0.65918
1.125	0.65918
1.13	0.65918
1.135	0.65918
1.14	0.703125
1.145	0.703125
1.15	0.703125
1.155	0.703125
1.16	0.703125
1.165	0.703125
1.17	0.703125
1.175	0.74707
1.18	0.74707
1.185	0.74707
1.19	0.791016
1.195	0.791016
1.2	0.791016
1.205	0.791016
1.21	0.834961
1.215	0.834961
1.22	0.834961
1.225	0.834961
1.23	0.834961
1.235	0.878906
1.24	0.878906
1.245	0.878906
1.25	0.878906
1.255	0.922852
1.26	0.922852
1.265	0.922852
1.27	0.922852
1.275	0.966797
1.28	0.966797
1.285	0.966797
1.29	0.966797
1.295	1.01074
1.3	1.01074
1.305	1.01074
1.31	1.05469
1.315	1.05469
1.32	1.09863
1.325	1.09863
1.33	1.14258
1.335	1.14258
1.34	1.14258
1.345	1.18652
1.35	1.23047
1.355	1.23047
1.36	1.31836
1.365	1.31836
1.37	1.31836
1.375	1.40625
1.38	1.40625
1.385	1.40625
1.39	1.49414
1.395	1.49414
1.4	1.53809
1.405	1.58203
1.41	1.58203
1.415	1.62598
1.42	1.66992
1.425	1.66992
1.43	1.75781
1.435	1.75781
1.44	1.75781
1.445	1.8457
1.45	1.88965
1.455	1.88965
1.46	1.97754
1.465	1.97754
1.47	2.02148
1.475	2.06543
1.48	2.10938
1.485	2.10938
1.49	2.19727
1.495	2.19727
1.5	2.28516
1.505	2.3291
1.51	2.3291
1.515	2.46094
1.52	2.50488
1.525	2.59277
1.53	2.59277
1.535	2.63672
1.54	2.72461
1.545	2.72461
1.55	2.76855
1.555	2.85645
1.56	2.90039
1.565	2.94434
1.57	3.03223
1.575	3.07617
1.58	3.12012
1.585	3.16406
1.59	3.20801
1.595	3.25195
1.6	3.33984
1.605	3.38379
1.61	3.47168
1.615	3.51563
1.62	3.55957
1.625	3.69141
1.63	3.73535
1.635	3.7793
1.64	3.86719
1.645	3.91113
1.65	3.95508
1.655	3.99902
1.66	4.04297
1.665	4.1748
1.67	4.21875
1.675	4.2627
1.68	4.30664
1.685	4.35059
1.69	4.39453
1.695	4.52637
1.7	4.57031
1.705	4.61426
1.71	4.70215
1.715	4.70215
1.72	4.74609
1.725	4.87793
1.73	4.92188
1.735	5.00977
1.74	5.05371
1.745	5.09766
1.75	5.18555
1.755	5.22949
1.76	5.27344
1.765	5.31738
1.77	5.36133
1.775	5.40527
1.78	5.49316
1.785	5.53711
1.79	5.58105
1.795	5.66895
1.8	5.71289
1.805	5.75684
1.81	5.84473
1.815	5.88867
1.82	5.97656
1.825	6.02051
1.83	6.06445
1.835	6.24023
1.84	6.28418
1.845	6.28418
1.85	6.41602
1.855	6.45996
1.86	6.50391
1.865	6.63574
1.87	6.67969
1.875	6.72363
1.88	6.81152
1.885	6.85547
1.89	6.94336
1.895	6.9873
1.9	7.03125
1.905	7.11914
1.91	7.16309
1.915	7.20703
1.92	7.29492
1.925	7.33887
1.93	7.38281
1.935	7.4707
1.94	7.55859
1.945	7.60254
1.95	7.69043
1.955	7.73437
1.96	7.77832
1.965	7.86621
1.97	7.86621
1.975	7.9541
1.98	7.99805
1.985	8.04199
1.99	8.12988
1.995	8.17383
2	8.21777
2.005	8.30566
2.01	8.34961
2.015	8.39355
2.02	8.48145
2.025	8.52539
2.03	8.56934
2.035	8.65723
2.04	8.70117
2.045	8.78906
2.05	8.83301
2.055	8.87695
2.06	8.9209
2.065	9.00879
2.07	9.00879
2.075	9.14063
2.08	9.18457
2.085	9.22852
2.09	9.31641
2.095	9.36035
2.1	9.4043
2.105	9.53613
2.11	9.58008
2.115	9.62402
2.12	9.71191
2.125	9.75586
2.13	9.7998
2.135	9.8877
2.14	9.93164
2.145	9.97559
2.15	10.0635
2.155	10.1074
2.16	10.2393
2.165	10.2832
2.17	10.3271
2.175	10.3711
2.18	10.415
2.185	10.5469
2.19	10.5908
2.195	10.5908
2.2	10.6787
2.205	10.7227
2.21	10.7666
2.215	10.8545
2.22	10.8984
2.225	10.9424
2.23	11.0303
2.235	11.0742
2.24	11.1182
2.245	11.1621
2.25	11.2061
2.255	11.2939
2.26	11.3379
2.265	11.3379
2.27	11.4258
2.275	11.4697
2.28	11.5137
2.285	11.6455
2.29	11.6455
2.295	11.6895
2.3	11.7773
2.305	11.8213
2.31	11.8652
2.315	11.9092
2.32	11.9531
2.325	12.085
2.33	12.1289
2.335	12.1289
2.34	12.2607
2.345	12.3047
2.35	12.3047
2.355	12.4365
2.36	12.4805
2.365	12.4805
2.37	12.5684
2.375	12.6123
2.38	12.7002
2.385	12.7441
2.39	12.7441
2.395	12.832
2.4	12.876
2.405	12.876
2.41	12.9639
2.415	12.9639
2.42	13.0078
2.425	13.0518
2.43	13.0957
2.435	13.1396
2.44	13.1836
2.445	13.2275
2.45	13.2715
2.455	13.3154
2.46	13.3594
2.465	13.4033
2.47	13.4473
2.475	13.4912
2.48	13.5352
2.485	13.623
2.49	13.623
2.495	13.7109
2.5	13.7549
2.505	13.7549
2.51	13.8428
2.515	13.8867
2.52	13.8867
2.525	13.9746
2.53	14.0186
2.535	14.0625
2.54	14.1064
2.545	14.1064
2.55	14.1943
2.555	14.1943
2.56	14.2383
2.565	14.3262
2.57	14.3701
2.575	14.4141
2.58	14.458
2.585	14.458
2.59	14.5459
2.595	14.5898
2.6	14.6338
2.605	14.6777
2.61	14.7217
2.615	14.7656
2.62	14.8096
2.625	14.8096
2.63	14.8096
2.635	14.8535
2.64	14.8975
2.645	14.9414
2.65	14.9854
2.655	14.9854
2.66	15.0732
2.665	15.0732
2.67	15.1172
2.675	15.1611
2.68	15.1611
2.685	15.2051
2.69	15.249
2.695	15.293
2.7	15.293
2.705	15.3369
2.71	15.3809
2.715	15.3809
2.72	15.4248
2.725	15.4687
2.73	15.5127
2.735	15.5127
2.74	15.5566
2.745	15.6006
2.75	15.6006
2.755	15.6445
2.76	15.6885
2.765	15.7324
2.77	15.7324
2.775	15.7764
2.78	15.8203
2.785	15.8643
2.79	15.8643
2.795	15.9082
2.8	15.9521
2.805	15.9961
2.81	15.9961
2.815	16.04
2.82	16.084
2.825	16.084
2.83	16.1279
2.835	16.1279
2.84	16.1719
2.845	16.2158
2.85	16.2158
2.855	16.2598
2.86	16.3037
2.865	16.3037
2.87	16.3037
2.875	16.3477
2.88	16.3916
2.885	16.3916
2.89	16.4355
2.895	16.4795
2.9	16.5234
2.905	16.5234
2.91	16.5674
2.915	16.6113
2.92	16.6113
2.925	16.6553
2.93	16.6553
2.935	16.6992
2.94	16.6992
2.945	16.7432
2.95	16.7432
2.955	16.7871
2.96	16.7871
2.965	16.8311
2.97	16.8311
2.975	16.875
2.98	16.9189
2.985	16.9189
2.99	16.9629
2.995	16.9629
3	16.9629
3.005	17.0068
3.01	17.0508
3.015	17.0508
3.02	17.0947
3.025	17.0947
3.03	17.1387
3.035	17.1387
3.04	17.1387
3.045	17.1826
3.05	17.2266
3.055	17.2266
3.06	17.2705
3.065	17.3145
3.07	17.3145
3.075	17.3145
3.08	17.3584
3.085	17.3584
3.09	17.4023
3.095	17.4463
3.1	17.4463
3.105	17.4902
3.11	17.4902
3.115	17.4902
3.12	17.4902
3.125	17.5342
3.13	17.5342
3.135	17.5781
3.14	17.5781
3.145	17.5781
3.15	17.6221
3.155	17.6221
3.16	17.6221
3.165	17.666
3.17	17.666
3.175	17.71
3.18	17.71
3.185	17.71
3.19	17.71
3.195	17.7539
3.2	17.7539
3.205	17.7979
3.21	17.7979
3.215	17.8418
3.22	17.8418
3.225	17.8857
3.23	17.8857
3.235	17.8857
3.24	17.9297
3.245	17.9297
3.25	17.9297
3.255	17.9736
3.26	17.9736
3.265	17.9736
3.27	17.9736
3.275	18.0176
3.28	18.0176
3.285	18.0176
3.29	18.0615
3.295	18.0615
3.3	18.1055
3.305	18.1055
3.31	18.1055
3.315	18.1055
3.32	18.1494
3.325	18.1494
3.33	18.1494
3.335	18.1494
3.34	18.1934
3.345	18.1934
3.35	18.1934
3.355	18.1934
3.36	18.2373
3.365	18.2373
3.37	18.2373
3.375	18.2373
3.38	18.2373
3.385	18.2813
3.39	18.2813
3.395	18.2813
3.4	18.2813
3.405	18.2813
3.41	18.3252
3.415	18.3252
3.42	18.3252
3.425	18.3252
3.43	18.3691
3.435	18.3691
3.44	18.3691
3.445	18.3691
3.45	18.3691
3.455	18.4131
3.46	18.4131
3.465	18.4131
3.47	18.4131
3.475	18.4131
3.48	18.457
3.485	18.457
3.49	18.457
3.495	18.457
3.5	18.501
3.505	18.501
3.51	18.501
3.515	18.501
3.52	18.501
3.525	18.501
3.53	18.5449
3.535	18.5449
3.54	18.5449
3.545	18.5449
3.55	18.5449
3.555	18.5889
3.56	18.5889
3.565	18.5889
3.57	18.5889
3.575	18.5889
3.58	18.6328
3.585	18.6328
3.59	18.6328
3.595	18.6328
3.6	18.6328
3.605	18.6328
3.61	18.6328
3.615	18.6328
3.62	18.6328
3.625	18.6328
3.63	18.6768
3.635	18.6768
3.64	18.6768
3.645	18.6768
3.65	18.6768
3.655	18.6768
3.66	18.6768
3.665	18.6768
3.67	18.7207
3.675	18.7207
3.68	18.7207
3.685	18.7207
3.69	18.7207
3.695	18.7207
3.7	18.7207
3.705	18.7207
3.71	18.7646
3.715	18.7646
3.72	18.7646
3.725	18.7646
3.73	18.7646
3.735	18.7646
3.74	18.7646
3.745	18.7646
3.75	18.7646
3.755	18.7646
3.76	18.7646
3.765	18.7646
3.77	18.8086
3.775	18.8086
3.78	18.8086
3.785	18.8086
3.79	18.8086
3.795	18.8086
3.8	18.8086
3.805	18.8086
3.81	18.8086
3.815	18.8086
3.82	18.8086
3.825	18.8086
3.83	18.8086
3.835	18.8086
3.84	18.8086
3.845	18.8086
3.85	18.8086
3.855	18.8086
3.86	18.8086
3.865	18.8525
3.87	18.8525
3.875	18.8086
3.88	18.8525
3.885	18.8525
3.89	18.8525
3.895	18.8525
3.9	18.8525
3.905	18.8525
3.91	18.8525
3.915	18.8525
3.92	18.8525
3.925	18.8525
3.93	18.8525
3.935	18.8525
3.94	18.8525
3.945	18.8525
3.95	18.8525
3.955	18.8525
3.96	18.8525
3.965	18.8525
3.97	18.8525
3.975	18.8525
3.98	18.8525
3.985	18.8525
3.99	18.8525
3.995	18.8525
4	18.8525
4.005	18.8525
4.01	18.8525
4.015	18.8525
4.02	18.8525
4.025	18.8525
4.03	18.8525
4.035	18.8525
4.04	18.8525
4.045	18.8525
4.05	18.8525
4.055	18.8525
4.06	18.8525
4.065	18.8525
4.07	18.8525
4.075	18.8525
4.08	18.8525
4.085	18.8525
4.09	18.8525
4.095	18.8525
4.1	18.8525
4.105	18.8525
4.11	18.8525
4.115	18.8525
4.12	18.8525
4.125	18.8525
4.13	18.8525
4.135	18.8525
4.14	18.8525
4.145	18.8525
4.15	18.8525
4.155	18.8525
4.16	18.8086
4.165	18.8525
4.17	18.8086
4.175	18.8086
4.18	18.8525
4.185	18.8086
4.19	18.8086
4.195	18.8086
4.2	18.8086
4.205	18.8086
4.21	18.8086
4.215	18.8086
4.22	18.8086
4.225	18.8086
4.23	18.8086
4.235	18.8086
4.24	18.8086
4.245	18.8086
4.25	18.8086
4.255	18.8086
4.26	18.8086
4.265	18.8086
4.27	18.8086
4.275	18.8086
4.28	18.8086
4.285	18.8086
4.29	18.7646
4.295	18.7646
4.3	18.7646
4.305	18.7646
4.31	18.7646
4.315	18.7646
4.32	18.7646
4.325	18.7646
4.33	18.7646
4.335	18.7646
4.34	18.7646
4.345	18.7646
4.35	18.7646
4.355	18.7646
4.36	18.7646
4.365	18.7646
4.37	18.7207
4.375	18.7207
4.38	18.7207
4.385	18.7207
4.39	18.7207
4.395	18.7207
4.4	18.7207
4.405	18.7207
4.41	18.7207
4.415	18.7207
4.42	18.7207
4.425	18.7207
4.43	18.7207
4.435	18.7207
4.44	18.7207
4.445	18.7207
4.45	18.7207
4.455	18.6768
4.46	18.6768
4.465	18.6768
4.47	18.6768
4.475	18.6768
4.48	18.6768
4.485	18.6768
4.49	18.6768
4.495	18.6768
4.5	18.6768
4.505	18.6768
4.51	18.6328
4.515	18.6328
4.52	18.6328
4.525	18.6328
4.53	18.6328
4.535	18.6328
4.54	18.6328
4.545	18.6328
4.55	18.6328
4.555	18.6328
4.56	18.6328
4.565	18.6328
4.57	18.6328
4.575	18.6328
4.58	18.6328
4.585	18.5889
4.59	18.5889
4.595	18.5889
4.6	18.5889
4.605	18.5889
4.61	18.5889
4.615	18.5889
4.62	18.5889
4.625	18.5889
4.63	18.5449
4.635	18.5449
4.64	18.5449
4.645	18.5449
4.65	18.5449
4.655	18.5449
4.66	18.5449
4.665	18.5449
4.67	18.5449
4.675	18.5449
4.68	18.5449
4.685	18.5449
4.69	18.5449
4.695	18.501
4.7	18.501
4.705	18.501
4.71	18.501
4.715	18.501
4.72	18.501
4.725	18.501
4.73	18.501
4.735	18.501
4.74	18.501
4.745	18.457
4.75	18.501
4.755	18.457
4.76	18.457
4.765	18.457
4.77	18.457
4.775	18.457
4.78	18.457
4.785	18.457
4.79	18.457
4.795	18.457
4.8	18.4131
4.805	18.4131
4.81	18.4131
4.815	18.4131
4.82	18.4131
4.825	18.4131
4.83	18.4131
4.835	18.4131
4.84	18.4131
4.845	18.4131
4.85	18.3691
4.855	18.3691
4.86	18.3691
4.865	18.3691
4.87	18.3691
4.875	18.3691
4.88	18.3691
4.885	18.3691
4.89	18.3691
4.895	18.3691
4.9	18.3691
4.905	18.3691
4.91	18.3252
4.915	18.3252
4.92	18.3252
4.925	18.3252
4.93	18.3252
4.935	18.3252
4.94	18.3252
4.945	18.3252
4.95	18.3252
4.955	18.3252
4.96	18.2813
4.965	18.3252
4.97	18.2813
4.975	18.2813
4.98	18.2813
4.985	18.2813
4.99	18.2813
4.995	18.2813
5	18.2813
5.005	18.2813
5.01	18.2813
5.015	18.2373
5.02	18.2373
5.025	18.2373
5.03	18.2373
5.035	18.2373
5.04	18.2373
5.045	18.2373
5.05	18.2373
5.055	18.2373
5.06	18.2373
5.065	18.2373
5.07	18.2373
5.075	18.2373
5.08	18.2373
5.085	18.2373
5.09	18.2373
5.095	18.2373
5.1	18.2373
5.105	18.2373
5.11	18.2373
5.115	18.2373
5.12	18.2373
5.125	18.2373
5.13	18.2373
5.135	18.2373
5.14	18.2373
5.145	18.2373
5.15	18.2373
5.155	18.2373
5.16	18.2373
5.165	18.2373
5.17	18.2373
5.175	18.2373
5.18	18.2373
5.185	18.2813
5.19	18.1934
5.195	18.2813
5.2	18.2373
5.205	18.2373
5.21	18.2373
5.215	18.2813
5.22	18.2813
5.225	18.1934
5.23	18.2813
5.235	18.2373
5.24	18.2373
5.245	18.2813
5.25	18.3252
5.255	18.1934
5.26	18.3252
5.265	18.2813
5.27	18.2373
5.275	18.2813
5.28	18.2813
5.285	18.2813
5.29	18.2813
5.295	18.2813
5.3	18.2813
5.305	18.2813
5.31	18.2813
5.315	18.2813
5.32	18.2813
5.325	18.2813
5.33	18.2813
5.335	18.2813
5.34	18.2813
5.345	18.2813
5.35	18.2813
5.355	18.2813
5.36	18.2813
5.365	18.2813
5.37	18.2813
5.375	18.2813
5.38	18.2813
5.385	18.2813
5.39	18.2813
5.395	18.2813
5.4	18.2813
5.405	18.2813
5.41	18.2813
5.415	18.2813
5.42	18.2813
5.425	18.2373
5.43	18.2373
5.435	18.2373
5.44	18.2373
5.445	18.2373
5.45	18.2373
5.455	18.2373
5.46	18.2373
5.465	18.1934
5.47	18.1934
5.475	18.1934
5.48	18.1934
5.485	18.1934
5.49	18.1934
5.495	18.1934
5.5	18.1934
5.505	18.1934
5.51	18.1494
5.515	18.1494
5.52	18.1494
5.525	18.1494
5.53	18.1055
5.535	18.1055
5.54	18.1055
5.545	18.1055
5.55	18.1055
5.555	18.1055
5.56	18.1055
5.565	18.1055
5.57	18.0615
5.575	18.0615
5.58	18.0615
5.585	18.0615
5.59	18.0615
5.595	18.0176
5.6	18.0176
5.605	18.0176
5.61	18.0176
5.615	18.0176
5.62	18.0176
5.625	18.0176
5.63	17.9736
5.635	17.9736
5.64	17.9736
5.645	17.9736
5.65	17.9297
5.655	17.9297
5.66	17.9297
5.665	17.9297
5.67	17.9297
5.675	17.9297
5.68	17.8857
5.685	17.8857
5.69	17.8857
5.695	17.8857
5.7	17.8857
5.705	17.8418
5.71	17.8418
5.715	17.8418
5.72	17.8418
5.725	17.7979
5.73	17.7979
5.735	17.7979
5.74	17.7979
5.745	17.7979
5.75	17.7979
5.755	17.7979
5.76	17.7539
5.765	17.7539
5.77	17.7539
5.775	17.7539
5.78	17.7539
5.785	17.7539
5.79	17.71
5.795	17.71
5.8	17.71
5.805	17.71
5.81	17.71
5.815	17.71
5.82	17.71
5.825	17.71
5.83	17.71
5.835	17.71
5.84	17.666
5.845	17.666
5.85	17.666
5.855	17.666
5.86	17.666
5.865	17.666
5.87	17.666
5.875	17.666
5.88	17.666
5.885	17.666
5.89	17.666
5.895	17.666
5.9	17.666
5.905	17.666
5.91	17.666
5.915	17.666
5.92	17.666
5.925	17.666
5.93	17.666
5.935	17.666
5.94	17.666
5.945	17.666
5.95	17.666
5.955	17.666
5.96	17.666
5.965	17.666
5.97	17.666
5.975	17.666
5.98	17.666
5.985	17.666
5.99	17.666
5.995	17.71
6	17.71
6.005	17.71
6.01	17.71
6.015	17.71
6.02	17.71
6.025	17.71
6.03	17.71
6.035	17.71
6.04	17.71
6.045	17.71
6.05	17.71
6.055	17.7539
6.06	17.7539
6.065	17.7539
6.07	17.7539
6.075	17.7539
6.08	17.7539
6.085	17.7539
6.09	17.7539
6.095	17.7539
6.1	17.7539
6.105	17.7979
6.11	17.7979
6.115	17.7979
6.12	17.7979
6.125	17.7979
6.13	17.7979
6.135	17.7979
6.14	17.7979
6.145	17.7979
6.15	17.8418
6.155	17.8418
6.16	17.8418
6.165	17.8418
6.17	17.8418
6.175	17.8418
6.18	17.8418
6.185	17.8857
6.19	17.8857
6.195	17.8857
6.2	17.8857
6.205	17.8857
6.21	17.8857
6.215	17.8857
6.22	17.8857
6.225	17.9297
6.23	17.9297
6.235	17.9297
6.24	17.9297
6.245	17.9297
6.25	17.9297
6.255	17.9297
6.26	17.9297
6.265	17.9297
6.27	17.9297
6.275	17.9736
6.28	17.9736
6.285	17.9736
6.29	17.9736
6.295	17.9736
6.3	17.9736
6.305	17.9736
6.31	17.9736
6.315	18.0176
6.32	18.0176
6.325	18.0176
6.33	18.0176
6.335	18.0176
6.34	18.0176
6.345	18.0176
6.35	18.0176
6.355	18.0176
6.36	18.0176
6.365	18.0176
6.37	18.0176
6.375	18.0176
6.38	18.0176
6.385	18.0615
6.39	18.0615
6.395	18.0615
6.4	18.0615
6.405	18.0615
6.41	18.0615
6.415	18.0615
6.42	18.0615
6.425	18.0615
6.43	18.0615
6.435	18.0615
6.44	18.0615
6.445	18.0615
6.45	18.0615
6.455	18.0615
6.46	18.1055
6.465	18.1055
6.47	18.1055
6.475	18.1055
6.48	18.1055
6.485	18.1055
6.49	18.1055
6.495	18.1055
6.5	18.1055
6.505	18.1055
6.51	18.1055
6.515	18.1055
6.52	18.1055
6.525	18.1055
6.53	18.1055
6.535	18.1055
6.54	18.1055
6.545	18.1055
6.55	18.1055
6.555	18.1055
6.56	18.1055
6.565	18.1055
6.57	18.1055
6.575	18.1055
6.58	18.1055
6.585	18.1055
6.59	18.1055
6.595	18.1055
6.6	18.1055
6.605	18.1055
6.61	18.1055
6.615	18.1055
6.62	18.1055
6.625	18.1055
6.63	18.1055
6.635	18.1055
6.64	18.1055
6.645	18.1055
6.65	18.1055
6.655	18.1055
6.66	18.1055
6.665	18.1494
6.67	18.1494
6.675	18.1494
6.68	18.1494
6.685	18.1494
6.69	18.1494
6.695	18.1494
6.7	18.1494
6.705	18.1494
6.71	18.1494
6.715	18.1494
6.72	18.1494
6.725	18.1055
6.73	18.1055
6.735	18.1494
6.74	18.1494
6.745	18.1494
6.75	18.1494
6.755	18.1055
6.76	18.1055
6.765	18.1055
6.77	18.1055
6.775	18.1055
6.78	18.1055
6.785	18.1055
6.79	18.1055
6.795	18.1055
6.8	18.1055
6.805	18.1055
6.81	18.1055
6.815	18.1055
6.82	18.1055
6.825	18.1055
6.83	18.1055
6.835	18.1055
6.84	18.1055
6.845	18.1055
6.85	18.1055
6.855	18.1055
6.86	18.1055
6.865	18.1055
6.87	18.1055
6.875	18.1055
6.88	18.1055
6.885	18.1055
6.89	18.1055
6.895	18.1055
6.9	18.1055
6.905	18.1055
6.91	18.1055
6.915	18.1055
6.92	18.1055
6.925	18.1055
6.93	18.1055
6.935	18.1055
6.94	18.0615
6.945	18.0615
6.95	18.1055
6.955	18.0615
6.96	18.0615
6.965	18.0615
6.97	18.0615
6.975	18.0615
6.98	18.0615
6.985	18.0615
6.99	18.0615
6.995	18.0615
7	18.0615
7.005	18.0615
7.01	18.0615
7.015	18.0615
7.02	18.0615
7.025	18.0615
7.03	18.0615
7.035	18.0615
7.04	18.0176
7.045	18.0176
7.05	18.0176
7.055	18.0176
7.06	18.0176
7.065	18.0176
7.07	18.0176
7.075	18.0176
7.08	18.0176
7.085	18.0176
7.09	18.0176
7.095	18.0176
7.1	18.0176
7.105	18.0176
7.11	18.0176
7.115	17.9736
7.12	17.9736
7.125	17.9736
7.13	17.9736
7.135	17.9736
7.14	17.9736
7.145	17.9736
7.15	17.9736
7.155	17.9736
7.16	17.9736
7.165	17.9736
7.17	17.9736
7.175	17.9736
7.18	17.9297
7.185	17.9297
7.19	17.9297
7.195	17.9297
7.2	17.9297
7.205	17.9297
7.21	17.9297
7.215	17.9297
7.22	17.9297
7.225	17.9297
7.23	17.9297
7.235	17.8857
7.24	17.8857
7.245	17.8857
7.25	17.8857
7.255	17.8857
7.26	17.8857
7.265	17.8857
7.27	17.8857
7.275	17.8857
7.28	17.8857
7.285	17.8418
7.29	17.8418
7.295	17.8418
7.3	17.8418
7.305	17.8418
7.31	17.8418
7.315	17.8418
7.32	17.8418
7.325	17.8418
7.33	17.8418
7.335	17.8418
7.34	17.7979
7.345	17.7979
7.35	17.7979
7.355	17.7979
7.36	17.7979
7.365	17.7979
7.37	17.7979
7.375	17.7979
7.38	17.7979
7.385	17.7979
7.39	17.7979
7.395	17.7539
7.4	17.7539
7.405	17.7539
7.41	17.7539
7.415	17.7539
7.42	17.7539
7.425	17.7539
7.43	17.7539
7.435	17.7539
7.44	17.7539
7.445	17.71
7.45	17.71
7.455	17.71
7.46	17.71
7.465	17.71
7.47	17.71
7.475	17.71
7.48	17.71
7.485	17.71
7.49	17.71
7.495	17.71
7.5	17.666
7.505	17.666
7.51	17.666
7.515	17.666
7.52	17.666
7.525	17.666
7.53	17.666
7.535	17.666
7.54	17.666
7.545	17.666
7.55	17.6221
7.555	17.6221
7.56	17.6221
7.565	17.6221
7.57	17.6221
7.575	17.6221
7.58	17.6221
7.585	17.6221
7.59	17.6221
7.595	17.5781
7.6	17.5781
7.605	17.5781
7.61	17.5781
7.615	17.5781
7.62	17.5781
7.625	17.5781
7.63	17.5781
7.635	17.5781
7.64	17.5781
7.645	17.5342
7.65	17.5342
7.655	17.5342
7.66	17.5342
7.665	17.5342
7.67	17.5342
7.675	17.4902
7.68	17.4902
7.685	17.4902
7.69	17.4902
7.695	17.4902
7.7	17.4902
7.705	17.4902
7.71	17.4902
7.715	17.4902
7.72	17.4463
7.725	17.4463
7.73	17.4463
7.735	17.4463
7.74	17.4463
7.745	17.4463
7.75	17.4463
7.755	17.4463
7.76	17.4463
7.765	17.4463
7.77	17.4023
7.775	17.4023
7.78	17.4023
7.785	17.4023
7.79	17.4023
7.795	17.4023
7.8	17.4023
7.805	17.4023
7.81	17.3584
7.815	17.3584
7.82	17.3584
7.825	17.3584
7.83	17.3584
7.835	17.3584
7.84	17.3584
7.845	17.3584
7.85	17.3145
7.855	17.3145
7.86	17.3145
7.865	17.3145
7.87	17.3145
7.875	17.3145
7.88	17.3145
7.885	17.3145
7.89	17.3145
7.895	17.2705
7.9	17.2705
7.905	17.2705
7.91	17.2705
7.915	17.2705
7.92	17.2705
7.925	17.2266
7.93	17.2266
7.935	17.2266
7.94	17.2266
7.945	17.2266
7.95	17.2266
7.955	17.2266
7.96	17.2266
7.965	17.2266
7.97	17.1826
7.975	17.1826
7.98	17.1826
7.985	17.1826
7.99	17.1826
7.995	17.1826
8	17.1826
8.005	17.1826
8.01	17.1826
8.015	17.1387
8.02	17.1387
8.025	17.1387
8.03	17.1387
8.035	17.1387
8.04	17.1387
8.045	17.1387
8.05	17.0947
8.055	17.0947
8.06	17.0947
8.065	17.0947
8.07	17.0947
8.075	17.0947
8.08	17.0508
8.085	17.0508
8.09	17.0508
8.095	17.0508
8.1	17.0508
8.105	17.0508
8.11	17.0508
8.115	17.0508
8.12	17.0508
8.125	17.0068
8.13	17.0068
8.135	17.0068
8.14	17.0068
8.145	17.0068
8.15	16.9629
8.155	16.9629
8.16	16.9629
8.165	16.9629
8.17	16.9629
8.175	16.9629
8.18	16.9629
8.185	16.9189
8.19	16.9189
8.195	16.9189
8.2	16.9189
8.205	16.9189
8.21	16.9189
8.215	16.875
8.22	16.875
8.225	16.875
8.23	16.875
8.235	16.875
8.24	16.875
8.245	16.875
8.25	16.875
8.255	16.875
8.26	16.875
8.265	16.8311
8.27	16.8311
8.275	16.8311
8.28	16.8311
8.285	16.8311
8.29	16.8311
8.295	16.8311
8.3	16.7871
8.305	16.7871
8.31	16.7871
8.315	16.7871
8.32	16.7871
8.325	16.7871
8.33	16.7871
8.335	16.7871
8.34	16.7432
8.345	16.7432
8.35	16.7432
8.355	16.7432
8.36	16.7432
8.365	16.7432
8.37	16.7432
8.375	16.7432
8.38	16.7432
8.385	16.6992
8.39	16.6992
8.395	16.6992
8.4	16.6992
8.405	16.6992
8.41	16.6992
8.415	16.6992
8.42	16.6992
8.425	16.6553
8.43	16.6553
8.435	16.6553
8.44	16.6553
8.445	16.6553
8.45	16.6553
8.455	16.6553
8.46	16.6553
8.465	16.6113
8.47	16.6113
8.475	16.6113
8.48	16.6113
8.485	16.6113
8.49	16.6113
8.495	16.6113
8.5	16.6113
8.505	16.6113
8.51	16.6113
8.515	16.5674
8.52	16.5674
8.525	16.5674
8.53	16.5674
8.535	16.5674
8.54	16.5674
8.545	16.5674
8.55	16.5234
8.555	16.5234
8.56	16.5234
8.565	16.5234
8.57	16.5234
8.575	16.5234
8.58	16.5234
8.585	16.5234
8.59	16.5234
8.595	16.4795
8.6	16.4795
8.605	16.4795
8.61	16.4795
8.615	16.4795
8.62	16.4795
8.625	16.4795
8.63	16.4795
8.635	16.4355
8.64	16.4355
8.645	16.4355
8.65	16.4355
8.655	16.4355
8.66	16.4355
8.665	16.4355
8.67	16.4355
8.675	16.3916
8.68	16.3916
8.685	16.3916
8.69	16.3916
8.695	16.3916
8.7	16.3916
8.705	16.3916
8.71	16.3916
8.715	16.3916
8.72	16.3477
8.725	16.3477
8.73	16.3477
8.735	16.3477
8.74	16.3477
8.745	16.3477
8.75	16.3477
8.755	16.3477
8.76	16.3477
8.765	16.3037
8.77	16.3037
8.775	16.3037
8.78	16.3037
8.785	16.3037
8.79	16.3037
8.795	16.3037
8.8	16.3037
8.805	16.2598
8.81	16.2598
8.815	16.2598
8.82	16.2598
8.825	16.2598
8.83	16.2598
8.835	16.2598
8.84	16.2598
8.845	16.2598
8.85	16.2598
8.855	16.2158
8.86	16.2158
8.865	16.2158
8.87	16.2158
8.875	16.2158
8.88	16.2158
8.885	16.2158
8.89	16.2158
8.895	16.1719
8.9	16.1719
8.905	16.1719
8.91	16.1719
8.915	16.1719
8.92	16.1719
8.925	16.1719
8.93	16.1719
8.935	16.1719
8.94	16.1719
8.945	16.1719
8.95	16.1279
8.955	16.1279
8.96	16.1279
8.965	16.1279
8.97	16.1279
8.975	16.1279
8.98	16.1279
8.985	16.1279
8.99	16.1279
8.995	16.084
9	16.084
9.005	16.084
9.01	16.084
9.015	16.084
9.02	16.084
9.025	16.084
9.03	16.084
9.035	16.084
9.04	16.084
9.045	16.084
9.05	16.04
9.055	16.04
9.06	16.04
9.065	16.04
9.07	16.04
9.075	16.04
9.08	16.04
9.085	16.04
9.09	16.04
9.095	16.04
9.1	16.04
9.105	15.9961
9.11	15.9961
9.115	15.9961
9.12	15.9961
9.125	15.9961
9.13	15.9961
9.135	15.9961
9.14	15.9961
9.145	15.9961
9.15	15.9961
9.155	15.9961
9.16	15.9521
9.165	15.9521
9.17	15.9521
9.175	15.9521
9.18	15.9521
9.185	15.9521
9.19	15.9521
9.195	15.9521
9.2	15.9521
9.205	15.9521
9.21	15.9521
9.215	15.9521
9.22	15.9521
9.225	15.9521
9.23	15.9082
9.235	15.9082
9.24	15.9082
9.245	15.9082
9.25	15.9082
9.255	15.9082
9.26	15.9082
9.265	15.9082
9.27	15.9082
9.275	15.9082
9.28	15.8643
9.285	15.8643
9.29	15.8643
9.295	15.8643
9.3	15.8643
9.305	15.8643
9.31	15.8643
9.315	15.8643
9.32	15.8643
9.325	15.8643
9.33	15.8643
9.335	15.8643
9.34	15.8643
9.345	15.8643
9.35	15.8643
9.355	15.8203
9.36	15.8203
9.365	15.8203
9.37	15.8203
9.375	15.8203
9.38	15.8203
9.385	15.8203
9.39	15.8203
9.395	15.8203
9.4	15.8203
9.405	15.8203
9.41	15.8203
9.415	15.8203
9.42	15.8203
9.425	15.8203
9.43	15.8203
9.435	15.8203
9.44	15.8203
9.445	15.7764
9.45	15.7764
9.455	15.7764
9.46	15.7764
9.465	15.7764
9.47	15.7764
9.475	15.7764
9.48	15.7764
9.485	15.7764
9.49	15.7764
9.495	15.7764
9.5	15.7764
9.505	15.7764
9.51	15.7764
9.515	15.7764
9.52	15.7764
9.525	15.7764
9.53	15.7324
9.535	15.7324
9.54	15.7324
9.545	15.7324
9.55	15.7324
9.555	15.7324
9.56	15.7324
9.565	15.7324
9.57	15.7324
9.575	15.7324
9.58	15.7324
9.585	15.7324
9.59	15.7324
9.595	15.7324
9.6	15.7324
9.605	15.7324
9.61	15.7324
9.615	15.7324
9.62	15.7324
9.625	15.7324
9.63	15.6885
9.635	15.6885
9.64	15.6885
9.645	15.6885
9.65	15.6885
9.655	15.6885
9.66	15.6885
9.665	15.6885
9.67	15.6885
9.675	15.6885
9.68	15.6885
9.685	15.6885
9.69	15.6885
9.695	15.6885
9.7	15.6885
9.705	15.6885
9.71	15.6885
9.715	15.6885
9.72	15.6885
9.725	15.6445
9.73	15.6885
9.735	15.6445
9.74	15.6445
9.745	15.6445
9.75	15.6445
9.755	15.6445
9.76	15.6445
9.765	15.6445
9.77	15.6445
9.775	15.6445
9.78	15.6445
9.785	15.6445
9.79	15.6445
9.795	15.6445
9.8	15.6445
9.805	15.6445
9.81	15.6445
9.815	15.6445
9.82	15.6445
9.825	15.6445
9.83	15.6445
9.835	15.6006
9.84	15.6006
9.845	15.6006
9.85	15.6006
9.855	15.6006
9.86	15.6006
9.865	15.6006
9.87	15.6006
9.875	15.6006
9.88	15.6006
9.885	15.6006
9.89	15.6006
9.895	15.6006
9.9	15.6006
9.905	15.6006
9.91	15.6006
9.915	15.6006
9.92	15.6006
9.925	15.6006
9.93	15.6006
9.935	15.5566
9.94	15.6006
9.945	15.5566
9.95	15.5566
9.955	15.5566
9.96	15.5566
9.965	15.5566
9.97	15.5566
9.975	15.5566
9.98	15.5566
9.985	15.5566
9.99	15.5566
9.995	15.5566
10	15.5566
10.005	15.5566
10.01	15.5566
10.015	15.5566
10.02	15.5566
10.025	15.5566
10.03	15.5127
10.035	15.5127
10.04	15.5127
10.045	15.5127
10.05	15.5127
10.055	15.5127
10.06	15.5127
10.065	15.4687
10.07	15.4687
10.075	15.4687
10.08	15.4687
10.085	15.4687
10.09	15.4248
10.095	15.4248
10.1	15.4248
10.105	15.4248
10.11	15.3809
10.115	15.3809
10.12	15.3809
10.125	15.3809
10.13	15.3369
10.135	15.3369
10.14	15.293
10.145	15.293
10.15	15.293
10.155	15.293
10.16	15.249
10.165	15.249
10.17	15.249
10.175	15.2051
10.18	15.2051
10.185	15.2051
10.19	15.1611
10.195	15.1611
10.2	15.1172
10.205	15.1172
10.21	15.0732
10.215	15.0732
10.22	15.0732
10.225	15.0293
10.23	15.0293
10.235	15.0293
10.24	14.9854
10.245	14.9854
10.25	14.9854
10.255	14.9414
10.26	14.9414
10.265	14.9414
10.27	14.8975
10.275	14.8975
10.28	14.8975
10.285	14.8975
10.29	14.8975
10.295	14.8535
10.3	14.8535
10.305	14.8535
10.31	14.8096
10.315	14.8096
10.32	14.8096
10.325	14.8096
10.33	14.8096
10.335	14.8096
10.34	14.7656
10.345	14.7656
10.35	14.7656
10.355	14.7656
10.36	14.7656
10.365	14.7656
10.37	14.7217
10.375	14.7217
10.38	14.7217
10.385	14.7217
10.39	14.7217
10.395	14.7217
10.4	14.7217
10.405	14.7217
10.41	14.7217
10.415	14.7217
10.42	14.7217
10.425	14.7217
10.43	14.6777
10.435	14.6777
10.44	14.6777
10.445	14.6777
10.45	14.6777
10.455	14.6777
10.46	14.6777
10.465	14.6777
10.47	14.6777
10.475	14.6777
10.48	14.6338
10.485	14.6338
10.49	14.6338
10.495	14.6338
10.5	14.6338
10.505	14.5898
10.51	14.5898
10.515	14.5898
10.52	14.5898
10.525	14.5898
10.53	14.5459
10.535	14.5459
10.54	14.502
10.545	14.502
10.55	14.502
10.555	14.502
10.56	14.458
10.565	14.458
10.57	14.4141
10.575	14.3701
10.58	14.4141
10.585	14.3262
10.59	14.3262
10.595	14.2822
10.6	14.2383
10.605	14.1943
10.61	14.1943
10.615	14.1504
10.62	14.1064
10.625	14.1064
10.63	14.0625
10.635	13.9746
10.64	13.9307
10.645	13.9746
10.65	13.8867
10.655	13.8428
10.66	13.7988
10.665	13.7549
10.67	13.623
10.675	13.623
10.68	13.5352
10.685	13.4473
10.69	13.4473
10.695	13.3154
10.7	13.3154
10.705	13.2715
10.71	13.1396
10.715	13.0957
10.72	13.0518
10.725	12.9199
10.73	12.876
10.735	12.832
10.74	12.6562
10.745	12.6562
10.75	12.4805
10.755	12.3926
10.76	12.3486
10.765	12.2607
10.77	12.2168
10.775	12.1289
10.78	11.9971
10.785	11.9092
10.79	11.9092
10.795	11.7334
10.8	11.6455
10.805	11.6455
10.81	11.4258
10.815	11.3818
10.82	11.1182
10.825	11.0303
10.83	10.8545
10.835	10.8105
10.84	10.7666
10.845	10.6348
10.85	10.5469
10.855	10.5029
10.86	10.2832
10.865	10.1953
10.87	9.97559
10.875	9.8877
10.88	9.71191
10.885	9.62402
10.89	9.58008
10.895	9.4043
10.9	9.31641
10.905	9.27246
10.91	9.14063
10.915	9.09668
10.92	9.00879
10.925	8.83301
10.93	8.74512
10.935	8.70117
10.94	8.48145
10.945	8.4375
10.95	8.34961
10.955	8.26172
10.96	8.17383
10.965	8.08594
10.97	7.99805
10.975	7.91016
10.98	7.86621
10.985	7.60254
10.99	7.51465
10.995	7.33887
11	7.25098
11.005	7.20703
11.01	7.0752
11.015	6.9873
11.02	6.94336
11.025	6.81152
11.03	6.72363
11.035	6.67969
11.04	6.45996
11.045	6.41602
11.05	6.15234
11.055	6.06445
11.06	6.02051
11.065	5.84473
11.07	5.75684
11.075	5.71289
11.08	5.58105
11.085	5.49316
11.09	5.44922
11.095	5.31738
11.1	5.22949
11.105	5.18555
11.11	5.05371
11.115	4.96582
11.12	4.92188
11.125	4.74609
11.13	4.6582
11.135	4.57031
11.14	4.39453
11.145	4.35059
11.15	4.2627
11.155	4.13086
11.16	4.08691
11.165	4.04297
11.17	3.82324
11.175	3.7793
11.18	3.69141
11.185	3.51563
11.19	3.47168
11.195	3.38379
11.2	3.25195
11.205	3.20801
11.21	3.12012
11.215	3.03223
11.22	2.94434
11.225	2.90039
11.23	2.72461
11.235	2.63672
11.24	2.59277
11.245	2.41699
11.25	2.3291
11.255	2.15332
11.26	2.10938
11.265	2.02148
11.27	1.88965
11.275	1.8457
11.28	1.80176
11.285	1.62598
11.29	1.53809
11.295	1.49414
11.3	1.31836
11.305	1.27441
11.31	1.18652
11.315	1.01074
11.32	0.966797
11.325	0.922852
11.33	0.74707
11.335	0.65918
11.34	0.615234
11.345	0.439453
11.35	0.395508
11.355	0.307617
11.36	0.219727
11.365	0.175781
11.37	0.131836
11.375	0
11.38	-0.0439453
11.385	-0.0878906
11.39	-0.263672
11.395	-0.351562
11.4	-0.483398
11.405	-0.571289
11.41	-0.615234
11.415	-0.74707
11.42	-0.791016
11.425	-0.878906
11.43	-1.01074
11.435	-1.09863
11.44	-1.14258
11.445	-1.23047
11.45	-1.27441
11.455	-1.31836
11.46	-1.4502
11.465	-1.49414
11.47	-1.53809
11.475	-1.66992
11.48	-1.75781
11.485	-1.88965
11.49	-1.93359
11.495	-1.97754
11.5	-2.10938
11.505	-2.15332
11.51	-2.19727
11.515	-2.28516
11.52	-2.3291
11.525	-2.37305
11.53	-2.50488
11.535	-2.59277
11.54	-2.76855
11.545	-2.8125
11.55	-3.03223
11.555	-3.07617
11.56	-3.12012
11.565	-3.20801
11.57	-3.25195
11.575	-3.2959
11.58	-3.38379
11.585	-3.42773
11.59	-3.47168
11.595	-3.55957
11.6	-3.60352
11.605	-3.64746
11.61	-3.73535
11.615	-3.7793
11.62	-3.82324
11.625	-3.95508
11.63	-3.99902
11.635	-4.04297
11.64	-4.13086
11.645	-4.1748
11.65	-4.21875
11.655	-4.30664
11.66	-4.35059
11.665	-4.39453
11.67	-4.52637
11.675	-4.57031
11.68	-4.61426
11.685	-4.70215
11.69	-4.74609
11.695	-4.74609
11.7	-4.87793
11.705	-4.92188
11.71	-4.96582
11.715	-5.00977
11.72	-5.00977
11.725	-5.1416
11.73	-5.18555
11.735	-5.27344
11.74	-5.31738
11.745	-5.40527
11.75	-5.44922
11.755	-5.44922
11.76	-5.53711
11.765	-5.58105
11.77	-5.625
11.775	-5.66895
11.78	-5.71289
11.785	-5.80078
11.79	-5.80078
11.795	-5.84473
11.8	-5.93262
11.805	-5.97656
11.81	-6.02051
11.815	-6.06445
11.82	-6.1084
11.825	-6.15234
11.83	-6.19629
11.835	-6.24023
11.84	-6.28418
11.845	-6.37207
11.85	-6.37207
11.855	-6.41602
11.86	-6.45996
11.865	-6.45996
11.87	-6.5918
11.875	-6.5918
11.88	-6.72363
11.885	-6.76758
11.89	-6.76758
11.895	-6.85547
11.9	-6.89941
11.905	-6.89941
11.91	-6.94336
11.915	-6.9873
11.92	-7.03125
11.925	-7.0752
11.93	-7.11914
11.935	-7.16309
11.94	-7.16309
11.945	-7.20703
11.95	-7.25098
11.955	-7.25098
11.96	-7.29492
11.965	-7.33887
11.97	-7.33887
11.975	-7.38281
11.98	-7.42676
11.985	-7.4707
11.99	-7.51465
11.995	-7.51465
12	-7.55859
12.005	-7.60254
12.01	-7.64648
12.015	-7.73437
12.02	-7.73437
12.025	-7.77832
12.03	-7.82227
12.035	-7.82227
12.04	-7.86621
12.045	-7.91016
12.05	-7.91016
12.055	-7.9541
12.06	-7.99805
12.065	-8.04199
12.07	-8.04199
12.075	-8.08594
12.08	-8.08594
12.085	-8.12988
12.09	-8.17383
12.095	-8.17383
12.1	-8.21777
12.105	-8.26172
12.11	-8.26172
12.115	-8.30566
12.12	-8.30566
12.125	-8.34961
12.13	-8.39355
12.135	-8.39355
12.14	-8.4375
12.145	-8.4375
12.15	-8.4375
12.155	-8.48145
12.16	-8.52539
12.165	-8.52539
12.17	-8.56934
12.175	-8.61328
12.18	-8.61328
12.185	-8.65723
12.19	-8.65723
12.195	-8.70117
12.2	-8.70117
12.205	-8.74512
12.21	-8.74512
12.215	-8.78906
12.22	-8.78906
12.225	-8.83301
12.23	-8.83301
12.235	-8.87695
12.24	-8.87695
12.245	-8.9209
12.25	-8.9209
12.255	-8.9209
12.26	-8.96484
12.265	-8.96484
12.27	-9.00879
12.275	-9.05273
12.28	-9.05273
12.285	-9.05273
12.29	-9.05273
12.295	-9.09668
12.3	-9.09668
12.305	-9.14063
12.31	-9.14063
12.315	-9.14063
12.32	-9.18457
12.325	-9.18457
12.33	-9.18457
12.335	-9.22852
12.34	-9.22852
12.345	-9.22852
12.35	-9.22852
12.355	-9.27246
12.36	-9.31641
12.365	-9.31641
12.37	-9.36035
12.375	-9.36035
12.38	-9.4043
12.385	-9.4043
12.39	-9.4043
12.395	-9.4043
12.4	-9.4043
12.405	-9.44824
12.41	-9.44824
12.415	-9.44824
12.42	-9.49219
12.425	-9.49219
12.43	-9.49219
12.435	-9.49219
12.44	-9.53613
12.445	-9.53613
12.45	-9.53613
12.455	-9.58008
12.46	-9.58008
12.465	-9.58008
12.47	-9.58008
12.475	-9.58008
12.48	-9.62402
12.485	-9.62402
12.49	-9.62402
12.495	-9.62402
12.5	-9.62402
12.505	-9.66797
12.51	-9.66797
12.515	-9.66797
12.52	-9.66797
12.525	-9.66797
12.53	-9.66797
12.535	-9.71191
12.54	-9.71191
12.545	-9.71191
12.55	-9.71191
12.555	-9.71191
12.56	-9.75586
12.565	-9.75586
12.57	-9.75586
12.575	-9.75586
12.58	-9.75586
12.585	-9.75586
12.59	-9.7998
12.595	-9.7998
12.6	-9.7998
12.605	-9.7998
12.61	-9.7998
12.615	-9.84375
12.62	-9.84375
12.625	-9.84375
12.63	-9.84375
12.635	-9.84375
12.64	-9.84375
12.645	-9.84375
12.65	-9.84375
12.655	-9.84375
12.66	-9.8877
12.665	-9.8877
12.67	-9.8877
12.675	-9.8877
12.68	-9.8877
12.685	-9.8877
12.69	-9.8877
12.695	-9.8877
12.7	-9.8877
12.705	-9.8877
12.71	-9.8877
12.715	-9.8877
12.72	-9.93164
12.725	-9.93164
12.73	-9.93164
12.735	-9.93164
12.74	-9.93164
12.745	-9.93164
12.75	-9.93164
12.755	-9.93164
12.76	-9.93164
12.765	-9.93164
12.77	-9.93164
12.775	-9.93164
12.78	-9.93164
12.785	-9.93164
12.79	-9.97559
12.795	-9.97559
12.8	-9.97559
12.805	-9.97559
12.81	-9.97559
12.815	-9.97559
12.82	-9.97559
12.825	-9.97559
12.83	-9.97559
12.835	-9.97559
12.84	-9.97559
12.845	-9.97559
12.85	-9.97559
12.855	-9.97559
12.86	-9.97559
12.865	-9.97559
12.87	-9.97559
12.875	-9.97559
12.88	-9.97559
12.885	-9.97559
12.89	-9.97559
12.895	-9.97559
12.9	-9.97559
12.905	-9.97559
12.91	-9.97559
12.915	-9.97559
12.92	-9.97559
12.925	-9.97559
12.93	-9.97559
12.935	-9.97559
12.94	-9.97559
12.945	-9.97559
12.95	-9.97559
12.955	-9.97559
12.96	-9.97559
12.965	-9.97559
12.97	-9.97559
12.975	-9.97559
12.98	-9.97559
12.985	-9.97559
12.99	-9.97559
12.995	-9.97559
13	-9.97559
13.005	-9.97559
13.01	-9.97559
13.015	-9.97559
13.02	-9.97559
13.025	-9.97559
13.03	-9.97559
13.035	-9.97559
13.04	-9.97559
13.045	-9.97559
13.05	-9.97559
13.055	-9.97559
13.06	-9.97559
13.065	-9.97559
13.07	-9.97559
13.075	-9.93164
13.08	-9.93164
13.085	-9.97559
13.09	-9.93164
13.095	-9.97559
13.1	-9.93164
13.105	-9.93164
13.11	-9.97559
13.115	-9.93164
13.12	-9.93164
13.125	-9.93164
13.13	-9.93164
13.135	-9.93164
13.14	-9.93164
13.145	-9.93164
13.15	-9.93164
13.155	-9.93164
13.16	-9.93164
13.165	-9.93164
13.17	-9.93164
13.175	-9.93164
13.18	-9.93164
13.185	-9.93164
13.19	-9.93164
13.195	-9.93164
13.2	-9.93164
13.205	-9.93164
13.21	-9.93164
13.215	-9.93164
13.22	-9.93164
13.225	-9.93164
13.23	-9.93164
13.235	-9.93164
13.24	-9.93164
13.245	-9.93164
13.25	-9.8877
13.255	-9.8877
13.26	-9.8877
13.265	-9.8877
13.27	-9.8877
13.275	-9.8877
13.28	-9.8877
13.285	-9.8877
13.29	-9.8877
13.295	-9.8877
13.3	-9.8877
13.305	-9.8877
13.31	-9.8877
13.315	-9.8877
13.32	-9.8877
13.325	-9.8877
13.33	-9.8877
13.335	-9.8877
13.34	-9.8877
13.345	-9.8877
13.35	-9.8877
13.355	-9.84375
13.36	-9.8877
13.365	-9.8877
13.37	-9.84375
13.375	-9.84375
13.38	-9.84375
13.385	-9.84375
13.39	-9.84375
13.395	-9.84375
13.4	-9.84375
13.405	-9.84375
13.41	-9.84375
13.415	-9.84375
13.42	-9.84375
13.425	-9.84375
13.43	-9.84375
13.435	-9.84375
13.44	-9.84375
13.445	-9.84375
13.45	-9.84375
13.455	-9.7998
13.46	-9.7998
13.465	-9.84375
13.47	-9.7998
13.475	-9.7998
13.48	-9.7998
13.485	-9.7998
13.49	-9.7998
13.495	-9.7998
13.5	-9.7998
13.505	-9.7998
13.51	-9.7998
13.515	-9.7998
13.52	-9.7998
13.525	-9.7998
13.53	-9.7998
13.535	-9.7998
13.54	-9.7998
13.545	-9.7998
13.55	-9.75586
13.555	-9.7998
13.56	-9.7998
13.565	-9.75586
13.57	-9.7998
13.575	-9.75586
13.58	-9.75586
13.585	-9.75586
13.59	-9.75586
13.595	-9.75586
13.6	-9.75586
13.605	-9.75586
13.61	-9.75586
13.615	-9.75586
13.62	-9.75586
13.625	-9.75586
13.63	-9.75586
13.635	-9.75586
13.64	-9.75586
13.645	-9.71191
13.65	-9.75586
13.655	-9.71191
13.66	-9.71191
13.665	-9.71191
13.67	-9.71191
13.675	-9.71191
13.68	-9.71191
13.685	-9.71191
13.69	-9.71191
13.695	-9.71191
13.7	-9.71191
13.705	-9.71191
13.71	-9.71191
13.715	-9.71191
13.72	-9.71191
13.725	-9.71191
13.73	-9.71191
13.735	-9.71191
13.74	-9.71191
13.745	-9.66797
13.75	-9.66797
13.755	-9.66797
13.76	-9.66797
13.765	-9.66797
13.77	-9.66797
13.775	-9.66797
13.78	-9.66797
13.785	-9.66797
13.79	-9.66797
13.795	-9.66797
13.8	-9.66797
13.805	-9.66797
13.81	-9.66797
13.815	-9.66797
13.82	-9.66797
13.825	-9.66797
13.83	-9.66797
13.835	-9.66797
13.84	-9.66797
13.845	-9.66797
13.85	-9.66797
13.855	-9.62402
13.86	-9.62402
13.865	-9.66797
13.87	-9.62402
13.875	-9.62402
13.88	-9.62402
13.885	-9.62402
13.89	-9.62402
13.895	-9.62402
13.9	-9.62402
13.905	-9.62402
13.91	-9.62402
13.915	-9.62402
13.92	-9.62402
13.925	-9.62402
13.93	-9.62402
13.935	-9.62402
13.94	-9.62402
13.945	-9.62402
13.95	-9.62402
13.955	-9.62402
13.96	-9.62402
13.965	-9.62402
13.97	-9.62402
13.975	-9.62402
13.98	-9.62402
13.985	-9.62402
13.99	-9.58008
13.995	-9.58008
14	-9.62402
14.005	-9.58008
14.01	-9.58008
14.015	-9.58008
14.02	-9.58008
14.025	-9.58008
14.03	-9.58008
14.035	-9.58008
14.04	-9.58008
14.045	-9.58008
14.05	-9.58008
14.055	-9.58008
14.06	-9.58008
14.065	-9.58008
14.07	-9.58008
14.075	-9.58008
14.08	-9.58008
14.085	-9.58008
14.09	-9.58008
14.095	-9.58008
14.1	-9.58008
14.105	-9.58008
14.11	-9.58008
14.115	-9.53613
14.12	-9.53613
14.125	-9.58008
14.13	-9.53613
14.135	-9.53613
14.14	-9.53613
14.145	-9.53613
14.15	-9.53613
14.155	-9.53613
14.16	-9.53613
14.165	-9.53613
14.17	-9.53613
14.175	-9.53613
14.18	-9.53613
14.185	-9.53613
14.19	-9.53613
14.195	-9.53613
14.2	-9.53613
14.205	-9.53613
14.21	-9.53613
14.215	-9.53613
14.22	-9.53613
14.225	-9.53613
14.23	-9.53613
14.235	-9.53613
14.24	-9.53613
14.245	-9.53613
14.25	-9.53613
14.255	-9.53613
14.26	-9.53613
14.265	-9.53613
14.27	-9.53613
14.275	-9.53613
14.28	-9.53613
14.285	-9.49219
14.29	-9.49219
14.295	-9.49219
14.3	-9.49219
14.305	-9.49219
14.31	-9.49219
14.315	-9.49219
14.32	-9.49219
14.325	-9.49219
14.33	-9.49219
14.335	-9.49219
14.34	-9.49219
14.345	-9.49219
14.35	-9.49219
14.355	-9.49219
14.36	-9.49219
14.365	-9.49219
14.37	-9.49219
14.375	-9.49219
14.38	-9.49219
14.385	-9.49219
14.39	-9.49219
14.395	-9.49219
14.4	-9.49219
14.405	-9.49219
14.41	-9.49219
14.415	-9.49219
14.42	-9.49219
14.425	-9.49219
14.43	-9.49219
14.435	-9.49219
14.44	-9.49219
14.445	-9.49219
14.45	-9.49219
14.455	-9.49219
14.46	-9.49219
14.465	-9.49219
14.47	-9.44824
14.475	-9.49219
14.48	-9.44824
14.485	-9.49219
14.49	-9.44824
14.495	-9.49219
14.5	-9.44824
14.505	-9.44824
14.51	-9.44824
14.515	-9.44824
14.52	-9.44824
14.525	-9.44824
14.53	-9.44824
14.535	-9.44824
14.54	-9.44824
14.545	-9.44824
14.55	-9.44824
14.555	-9.44824
14.56	-9.44824
14.565	-9.44824
14.57	-9.44824
14.575	-9.44824
14.58	-9.44824
14.585	-9.44824
14.59	-9.44824
14.595	-9.44824
14.6	-9.44824
14.605	-9.44824
14.61	-9.44824
14.615	-9.44824
14.62	-9.44824
14.625	-9.44824
14.63	-9.44824
14.635	-9.44824
14.64	-9.44824
14.645	-9.44824
14.65	-9.44824
14.655	-9.44824
14.66	-9.44824
14.665	-9.44824
14.67	-9.44824
14.675	-9.44824
14.68	-9.44824
14.685	-9.44824
14.69	-9.44824
14.695	-9.44824
14.7	-9.44824
14.705	-9.44824
14.71	-9.4043
14.715	-9.44824
14.72	-9.44824
14.725	-9.44824
14.73	-9.44824
14.735	-9.4043
14.74	-9.4043
14.745	-9.44824
14.75	-9.4043
14.755	-9.4043
14.76	-9.44824
14.765	-9.44824
14.77	-9.44824
14.775	-9.4043
14.78	-9.4043
14.785	-9.44824
14.79	-9.44824
14.795	-9.4043
14.8	-9.44824
14.805	-9.4043
14.81	-9.44824
14.815	-9.44824
14.82	-9.4043
14.825	-9.44824
14.83	-9.44824
14.835	-9.4043
14.84	-9.4043
14.845	-9.44824
14.85	-9.44824
14.855	-9.4043
14.86	-9.44824
14.865	-9.44824
14.87	-9.4043
14.875	-9.4043
14.88	-9.44824
14.885	-9.44824
14.89	-9.4043
14.895	-9.44824
14.9	-9.44824
14.905	-9.4043
14.91	-9.4043
14.915	-9.44824
14.92	-9.44824
14.925	-9.44824
14.93	-9.44824
14.935	-9.44824
14.94	-9.44824
14.945	-9.44824
14.95	-9.44824
14.955	-9.44824
14.96	-9.44824
14.965	-9.44824
14.97	-9.44824
14.975	-9.44824
14.98	-9.44824
14.985	-9.44824
14.99	-9.44824
14.995	-9.44824
15	-9.44824
15.005	-9.44824
15.01	-9.44824
15.015	-9.44824
15.02	-9.44824
15.025	-9.44824
15.03	-9.44824
15.035	-9.44824
15.04	-9.44824
15.045	-9.44824
15.05	-9.44824
15.055	-9.4043
15.06	-9.4043
15.065	-9.4043
15.07	-9.4043
15.075	-9.4043
15.08	-9.4043
15.085	-9.4043
15.09	-9.4043
15.095	-9.4043
15.1	-9.4043
15.105	-9.4043
15.11	-9.4043
15.115	-9.4043
15.12	-9.4043
15.125	-9.4043
15.13	-9.4043
15.135	-9.36035
15.14	-9.36035
15.145	-9.36035
15.15	-9.36035
15.155	-9.36035
15.16	-9.36035
15.165	-9.36035
15.17	-9.31641
15.175	-9.31641
15.18	-9.36035
15.185	-9.36035
15.19	-9.27246
15.195	-9.36035
15.2	-9.27246
15.205	-9.31641
15.21	-9.22852
15.215	-9.22852
15.22	-9.31641
15.225	-9.22852
15.23	-9.27246
15.235	-9.18457
15.24	-9.18457
15.245	-9.22852
15.25	-9.18457
15.255	-9.18457
15.26	-9.18457
15.265	-9.18457
15.27	-9.14063
15.275	-9.14063
15.28	-9.14063
15.285	-9.14063
15.29	-9.14063
15.295	-9.14063
15.3	-9.09668
15.305	-9.14063
15.31	-9.09668
15.315	-9.09668
15.32	-9.05273
15.325	-9.05273
15.33	-9.09668
15.335	-9.05273
15.34	-9.09668
15.345	-9.05273
15.35	-9.05273
15.355	-9.00879
15.36	-9.09668
15.365	-9.00879
15.37	-9.05273
15.375	-9.05273
15.38	-9.05273
15.385	-9.00879
15.39	-9.05273
15.395	-9.05273
15.4	-9.00879
15.405	-9.00879
15.41	-9.00879
15.415	-9.05273
15.42	-9.00879
15.425	-9.05273
15.43	-9.00879
15.435	-9.00879
15.44	-9.00879
15.445	-9.00879
15.45	-9.00879
15.455	-9.00879
15.46	-9.00879
15.465	-9.00879
15.47	-9.00879
15.475	-9.00879
15.48	-9.00879
15.485	-9.05273
15.49	-9.05273
15.495	-9.05273
15.5	-9.05273
15.505	-9.05273
15.51	-9.05273
15.515	-9.05273
15.52	-9.05273
15.525	-9.05273
15.53	-9.05273
15.535	-9.05273
15.54	-9.05273
15.545	-9.09668
15.55	-9.09668
15.555	-9.09668
15.56	-9.09668
15.565	-9.09668
15.57	-9.09668
15.575	-9.09668
15.58	-9.09668
15.585	-9.09668
15.59	-9.14063
15.595	-9.09668
15.6	-9.14063
15.605	-9.14063
15.61	-9.14063
15.615	-9.14063
15.62	-9.14063
15.625	-9.14063
15.63	-9.14063
15.635	-9.14063
15.64	-9.18457
15.645	-9.18457
15.65	-9.18457
15.655	-9.18457
15.66	-9.18457
15.665	-9.18457
15.67	-9.18457
15.675	-9.18457
15.68	-9.22852
15.685	-9.22852
15.69	-9.22852
15.695	-9.22852
15.7	-9.22852
15.705	-9.22852
15.71	-9.22852
15.715	-9.22852
15.72	-9.22852
15.725	-9.22852
15.73	-9.22852
15.735	-9.27246
15.74	-9.27246
15.745	-9.27246
15.75	-9.27246
15.755	-9.27246
15.76	-9.27246
15.765	-9.27246
15.77	-9.27246
15.775	-9.27246
15.78	-9.27246
15.785	-9.27246
15.79	-9.27246
15.795	-9.27246
15.8	-9.27246
15.805	-9.27246
15.81	-9.27246
15.815	-9.27246
15.82	-9.27246
15.825	-9.27246
15.83	-9.27246
15.835	-9.22852
15.84	-9.22852
15.845	-9.22852
15.85	-9.22852
15.855	-9.22852
15.86	-9.22852
15.865	-9.22852
15.87	-9.22852
15.875	-9.22852
15.88	-9.22852
15.885	-9.22852
15.89	-9.22852
15.895	-9.22852
15.9	-9.18457
15.905	-9.18457
15.91	-9.18457
15.915	-9.18457
15.92	-9.18457
15.925	-9.18457
15.93	-9.18457
15.935	-9.18457
15.94	-9.14063
15.945	-9.14063
15.95	-9.14063
15.955	-9.14063
15.96	-9.14063
15.965	-9.14063
15.97	-9.09668
15.975	-9.09668
15.98	-9.09668
15.985	-9.09668
15.99	-9.09668
15.995	-9.05273
16	-9.05273
16.005	-9.05273
16.01	-9.05273
16.015	-9.05273
16.02	-9.00879
16.025	-9.00879
16.03	-9.00879
16.035	-9.00879
16.04	-9.00879
16.045	-8.96484
16.05	-8.96484
16.055	-8.96484
16.06	-8.96484
16.065	-8.96484
16.07	-8.96484
16.075	-8.96484
16.08	-8.9209
16.085	-8.9209
16.09	-8.9209
16.095	-8.9209
16.1	-8.87695
16.105	-8.87695
16.11	-8.87695
16.115	-8.87695
16.12	-8.87695
16.125	-8.87695
16.13	-8.83301
16.135	-8.83301
16.14	-8.83301
16.145	-8.83301
16.15	-8.83301
16.155	-8.83301
16.16	-8.78906
16.165	-8.78906
16.17	-8.78906
16.175	-8.78906
16.18	-8.78906
16.185	-8.78906
16.19	-8.78906
16.195	-8.74512
16.2	-8.74512
16.205	-8.74512
16.21	-8.74512
16.215	-8.74512
16.22	-8.70117
16.225	-8.70117
16.23	-8.70117
16.235	-8.70117
16.24	-8.70117
16.245	-8.70117
16.25	-8.65723
16.255	-8.65723
16.26	-8.65723
16.265	-8.65723
16.27	-8.65723
16.275	-8.65723
16.28	-8.65723
16.285	-8.65723
16.29	-8.65723
16.295	-8.61328
16.3	-8.61328
16.305	-8.61328
16.31	-8.61328
16.315	-8.61328
16.32	-8.61328
16.325	-8.61328
16.33	-8.61328
16.335	-8.61328
16.34	-8.61328
16.345	-8.61328
16.35	-8.56934
16.355	-8.56934
16.36	-8.56934
16.365	-8.56934
16.37	-8.56934
16.375	-8.56934
16.38	-8.56934
16.385	-8.56934
16.39	-8.56934
16.395	-8.56934
16.4	-8.56934
16.405	-8.52539
16.41	-8.52539
16.415	-8.52539
16.42	-8.52539
16.425	-8.52539
16.43	-8.52539
16.435	-8.52539
16.44	-8.52539
16.445	-8.52539
16.45	-8.52539
16.455	-8.48145
16.46	-8.48145
16.465	-8.48145
16.47	-8.48145
16.475	-8.48145
16.48	-8.48145
16.485	-8.48145
16.49	-8.48145
16.495	-8.48145
16.5	-8.48145
16.505	-8.48145
16.51	-8.48145
16.515	-8.48145
16.52	-8.48145
16.525	-8.48145
16.53	-8.48145
16.535	-8.48145
16.54	-8.4375
16.545	-8.4375
16.55	-8.4375
16.555	-8.4375
16.56	-8.4375
16.565	-8.4375
16.57	-8.4375
16.575	-8.4375
16.58	-8.4375
16.585	-8.4375
16.59	-8.4375
16.595	-8.4375
16.6	-8.4375
16.605	-8.4375
16.61	-8.4375
16.615	-8.4375
16.62	-8.4375
16.625	-8.4375
16.63	-8.4375
16.635	-8.4375
16.64	-8.4375
16.645	-8.4375
16.65	-8.39355
16.655	-8.39355
16.66	-8.39355
16.665	-8.39355
16.67	-8.39355
16.675	-8.39355
16.68	-8.39355
16.685	-8.39355
16.69	-8.39355
16.695	-8.39355
16.7	-8.39355
16.705	-8.39355
16.71	-8.39355
16.715	-8.39355
16.72	-8.39355
16.725	-8.39355
16.73	-8.39355
16.735	-8.39355
16.74	-8.39355
16.745	-8.39355
16.75	-8.39355
16.755	-8.39355
16.76	-8.39355
16.765	-8.39355
16.77	-8.39355
16.775	-8.39355
16.78	-8.39355
16.785	-8.39355
16.79	-8.39355
16.795	-8.39355
16.8	-8.39355
16.805	-8.39355
16.81	-8.39355
16.815	-8.39355
16.82	-8.39355
16.825	-8.39355
16.83	-8.39355
16.835	-8.39355
16.84	-8.39355
16.845	-8.39355
16.85	-8.39355
16.855	-8.39355
16.86	-8.39355
16.865	-8.39355
16.87	-8.39355
16.875	-8.39355
16.88	-8.39355
16.885	-8.39355
16.89	-8.39355
16.895	-8.39355
16.9	-8.39355
16.905	-8.39355
16.91	-8.39355
16.915	-8.39355
16.92	-8.39355
16.925	-8.39355
16.93	-8.39355
16.935	-8.39355
16.94	-8.39355
16.945	-8.39355
16.95	-8.39355
16.955	-8.39355
16.96	-8.39355
16.965	-8.39355
16.97	-8.39355
16.975	-8.39355
16.98	-8.39355
16.985	-8.39355
16.99	-8.39355
16.995	-8.39355
17	-8.39355
17.005	-8.39355
17.01	-8.39355
17.015	-8.39355
17.02	-8.39355
17.025	-8.39355
17.03	-8.39355
17.035	-8.39355
17.04	-8.39355
17.045	-8.39355
17.05	-8.39355
17.055	-8.39355
17.06	-8.39355
17.065	-8.39355
17.07	-8.4375
17.075	-8.4375
17.08	-8.4375
17.085	-8.4375
17.09	-8.4375
17.095	-8.4375
17.1	-8.4375
17.105	-8.4375
17.11	-8.4375
17.115	-8.4375
17.12	-8.4375
17.125	-8.4375
17.13	-8.4375
17.135	-8.4375
17.14	-8.4375
17.145	-8.4375
17.15	-8.4375
17.155	-8.4375
17.16	-8.4375
17.165	-8.48145
17.17	-8.48145
17.175	-8.48145
17.18	-8.48145
17.185	-8.48145
17.19	-8.48145
17.195	-8.48145
17.2	-8.48145
17.205	-8.48145
17.21	-8.48145
17.215	-8.48145
17.22	-8.48145
17.225	-8.48145
17.23	-8.48145
17.235	-8.48145
17.24	-8.48145
17.245	-8.48145
17.25	-8.48145
17.255	-8.48145
17.26	-8.48145
17.265	-8.48145
17.27	-8.48145
17.275	-8.48145
17.28	-8.48145
17.285	-8.52539
17.29	-8.52539
17.295	-8.52539
17.3	-8.52539
17.305	-8.52539
17.31	-8.52539
17.315	-8.52539
17.32	-8.52539
17.325	-8.52539
17.33	-8.52539
17.335	-8.52539
17.34	-8.52539
17.345	-8.52539
17.35	-8.52539
17.355	-8.52539
17.36	-8.52539
17.365	-8.52539
17.37	-8.52539
17.375	-8.52539
17.38	-8.52539
17.385	-8.52539
17.39	-8.56934
17.395	-8.56934
17.4	-8.56934
17.405	-8.56934
17.41	-8.56934
17.415	-8.56934
17.42	-8.56934
17.425	-8.56934
17.43	-8.56934
17.435	-8.56934
17.44	-8.56934
17.445	-8.56934
17.45	-8.56934
17.455	-8.56934
17.46	-8.56934
17.465	-8.61328
17.47	-8.61328
17.475	-8.61328
17.48	-8.61328
17.485	-8.61328
17.49	-8.61328
17.495	-8.61328
17.5	-8.61328
17.505	-8.61328
17.51	-8.61328
17.515	-8.61328
17.52	-8.61328
17.525	-8.61328
17.53	-8.61328
17.535	-8.61328
17.54	-8.61328
17.545	-8.61328
17.55	-8.65723
17.555	-8.65723
17.56	-8.65723
17.565	-8.65723
17.57	-8.65723
17.575	-8.65723
17.58	-8.65723
17.585	-8.65723
17.59	-8.65723
17.595	-8.65723
17.6	-8.65723
17.605	-8.65723
17.61	-8.65723
17.615	-8.65723
17.62	-8.65723
17.625	-8.65723
17.63	-8.70117
17.635	-8.70117
17.64	-8.70117
17.645	-8.70117
17.65	-8.70117
17.655	-8.70117
17.66	-8.70117
17.665	-8.70117
17.67	-8.70117
17.675	-8.70117
17.68	-8.70117
17.685	-8.70117
17.69	-8.70117
17.695	-8.70117
17.7	-8.74512
17.705	-8.74512
17.71	-8.74512
17.715	-8.74512
17.72	-8.74512
17.725	-8.74512
17.73	-8.74512
17.735	-8.74512
17.74	-8.74512
17.745	-8.74512
17.75	-8.74512
17.755	-8.74512
17.76	-8.74512
17.765	-8.74512
17.77	-8.74512
17.775	-8.74512
17.78	-8.74512
17.785	-8.74512
17.79	-8.74512
17.795	-8.74512
17.8	-8.78906
17.805	-8.74512
17.81	-8.78906
17.815	-8.78906
17.82	-8.78906
17.825	-8.78906
17.83	-8.78906
17.835	-8.78906
17.84	-8.78906
17.845	-8.78906
17.85	-8.78906
17.855	-8.78906
17.86	-8.78906
17.865	-8.78906
17.87	-8.78906
17.875	-8.78906
17.88	-8.78906
17.885	-8.78906
17.89	-8.78906
17.895	-8.78906
17.9	-8.78906
17.905	-8.78906
17.91	-8.83301
17.915	-8.83301
17.92	-8.83301
17.925	-8.83301
17.93	-8.83301
17.935	-8.83301
17.94	-8.83301
17.945	-8.83301
17.95	-8.83301
17.955	-8.83301
17.96	-8.83301
17.965	-8.83301
17.97	-8.83301
17.975	-8.83301
17.98	-8.83301
17.985	-8.83301
17.99	-8.83301
17.995	-8.83301
18	-8.83301
18.005	-8.83301
18.01	-8.83301
18.015	-8.83301
18.02	-8.83301
18.025	-8.83301
18.03	-8.83301
18.035	-8.83301
18.04	-8.87695
18.045	-8.83301
18.05	-8.83301
18.055	-8.87695
18.06	-8.87695
18.065	-8.87695
18.07	-8.87695
18.075	-8.87695
18.08	-8.87695
18.085	-8.87695
18.09	-8.87695
18.095	-8.87695
18.1	-8.87695
18.105	-8.87695
18.11	-8.87695
18.115	-8.87695
18.12	-8.87695
18.125	-8.87695
18.13	-8.87695
18.135	-8.87695
18.14	-8.87695
18.145	-8.87695
18.15	-8.87695
18.155	-8.87695
18.16	-8.87695
18.165	-8.87695
18.17	-8.87695
18.175	-8.87695
18.18	-8.87695
18.185	-8.87695
18.19	-8.87695
18.195	-8.87695
18.2	-8.87695
18.205	-8.87695
18.21	-8.87695
18.215	-8.87695
18.22	-8.87695
18.225	-8.87695
18.23	-8.87695
18.235	-8.87695
18.24	-8.87695
18.245	-8.87695
18.25	-8.87695
18.255	-8.87695
18.26	-8.87695
18.265	-8.87695
18.27	-8.87695
18.275	-8.87695
18.28	-8.87695
18.285	-8.87695
18.29	-8.87695
18.295	-8.87695
18.3	-8.87695
18.305	-8.87695
18.31	-8.87695
18.315	-8.87695
18.32	-8.87695
18.325	-8.87695
18.33	-8.87695
18.335	-8.87695
18.34	-8.87695
18.345	-8.87695
18.35	-8.87695
18.355	-8.87695
18.36	-8.87695
18.365	-8.87695
18.37	-8.87695
18.375	-8.87695
18.38	-8.87695
18.385	-8.87695
18.39	-8.87695
18.395	-8.87695
18.4	-8.87695
18.405	-8.87695
18.41	-8.87695
18.415	-8.87695
18.42	-8.87695
18.425	-8.87695
18.43	-8.87695
18.435	-8.87695
18.44	-8.87695
18.445	-8.87695
18.45	-8.87695
18.455	-8.87695
18.46	-8.87695
18.465	-8.87695
18.47	-8.87695
18.475	-8.87695
18.48	-8.87695
18.485	-8.87695
18.49	-8.87695
18.495	-8.87695
18.5	-8.87695
18.505	-8.87695
18.51	-8.87695
18.515	-8.87695
18.52	-8.87695
18.525	-8.87695
18.53	-8.87695
18.535	-8.87695
18.54	-8.87695
18.545	-8.87695
18.55	-8.87695
18.555	-8.87695
18.56	-8.87695
18.565	-8.87695
18.57	-8.87695
18.575	-8.87695
18.58	-8.87695
18.585	-8.87695
18.59	-8.87695
18.595	-8.87695
18.6	-8.83301
18.605	-8.83301
18.61	-8.83301
18.615	-8.83301
18.62	-8.83301
18.625	-8.83301
18.63	-8.83301
18.635	-8.83301
18.64	-8.83301
18.645	-8.83301
18.65	-8.83301
18.655	-8.83301
18.66	-8.83301
18.665	-8.83301
18.67	-8.83301
18.675	-8.83301
18.68	-8.83301
18.685	-8.83301
18.69	-8.83301
18.695	-8.83301
18.7	-8.83301
18.705	-8.83301
18.71	-8.83301
18.715	-8.83301
18.72	-8.83301
18.725	-8.83301
18.73	-8.83301
18.735	-8.83301
18.74	-8.83301
18.745	-8.83301
18.75	-8.83301
18.755	-8.83301
18.76	-8.83301
18.765	-8.83301
18.77	-8.83301
18.775	-8.83301
18.78	-8.83301
18.785	-8.83301
18.79	-8.83301
18.795	-8.83301
18.8	-8.83301
18.805	-8.83301
18.81	-8.83301
18.815	-8.83301
18.82	-8.83301
18.825	-8.83301
18.83	-8.83301
18.835	-8.83301
18.84	-8.83301
18.845	-8.83301
18.85	-8.83301
18.855	-8.83301
18.86	-8.78906
18.865	-8.78906
18.87	-8.78906
18.875	-8.78906
18.88	-8.78906
18.885	-8.78906
18.89	-8.78906
18.895	-8.78906
18.9	-8.78906
18.905	-8.78906
18.91	-8.78906
18.915	-8.78906
18.92	-8.78906
18.925	-8.78906
18.93	-8.78906
18.935	-8.78906
18.94	-8.78906
18.945	-8.78906
18.95	-8.78906
18.955	-8.78906
18.96	-8.78906
18.965	-8.78906
18.97	-8.78906
18.975	-8.78906
18.98	-8.78906
18.985	-8.78906
18.99	-8.78906
18.995	-8.78906
19	-8.78906
19.005	-8.78906
19.01	-8.78906
19.015	-8.78906
19.02	-8.78906
19.025	-8.78906
19.03	-8.78906
19.035	-8.78906
19.04	-8.78906
19.045	-8.78906
19.05	-8.78906
19.055	-8.78906
19.06	-8.78906
19.065	-8.78906
19.07	-8.78906
19.075	-8.78906
19.08	-8.78906
19.085	-8.78906
19.09	-8.78906
19.095	-8.78906
19.1	-8.78906
19.105	-8.78906
19.11	-8.78906
19.115	-8.78906
19.12	-8.78906
19.125	-8.78906
19.13	-8.78906
19.135	-8.78906
19.14	-8.78906
19.145	-8.78906
19.15	-8.78906
19.155	-8.78906
19.16	-8.78906
19.165	-8.78906
19.17	-8.78906
19.175	-8.78906
19.18	-8.78906
19.185	-8.78906
19.19	-8.78906
19.195	-8.78906
19.2	-8.78906
19.205	-8.78906
19.21	-8.78906
19.215	-8.78906
19.22	-8.78906
19.225	-8.78906
19.23	-8.78906
19.235	-8.78906
19.24	-8.78906
19.245	-8.78906
19.25	-8.78906
19.255	-8.78906
19.26	-8.78906
19.265	-8.78906
19.27	-8.78906
19.275	-8.78906
19.28	-8.78906
19.285	-8.78906
19.29	-8.78906
19.295	-8.78906
19.3	-8.78906
19.305	-8.78906
19.31	-8.78906
19.315	-8.78906
19.32	-8.78906
19.325	-8.78906
19.33	-8.78906
19.335	-8.78906
19.34	-8.78906
19.345	-8.78906
19.35	-8.78906
19.355	-8.78906
19.36	-8.78906
19.365	-8.78906
19.37	-8.78906
19.375	-8.78906
19.38	-8.78906
19.385	-8.78906
19.39	-8.78906
19.395	-8.78906
19.4	-8.78906
19.405	-8.78906
19.41	-8.78906
19.415	-8.78906
19.42	-8.78906
19.425	-8.78906
19.43	-8.78906
19.435	-8.78906
19.44	-8.78906
19.445	-8.78906
19.45	-8.83301
19.455	-8.83301
19.46	-8.78906
19.465	-8.83301
19.47	-8.78906
19.475	-8.83301
19.48	-8.83301
19.485	-8.83301
19.49	-8.83301
19.495	-8.83301
19.5	-8.83301
19.505	-8.83301
19.51	-8.83301
19.515	-8.83301
19.52	-8.83301
19.525	-8.83301
19.53	-8.83301
19.535	-8.83301
19.54	-8.83301
19.545	-8.83301
19.55	-8.83301
19.555	-8.83301
19.56	-8.83301
19.565	-8.83301
19.57	-8.83301
19.575	-8.83301
19.58	-8.83301
19.585	-8.83301
19.59	-8.83301
19.595	-8.83301
19.6	-8.83301
19.605	-8.83301
19.61	-8.83301
19.615	-8.83301
19.62	-8.83301
19.625	-8.83301
19.63	-8.83301
19.635	-8.83301
19.64	-8.83301
19.645	-8.83301
19.65	-8.83301
19.655	-8.83301
19.66	-8.87695
19.665	-8.87695
19.67	-8.87695
19.675	-8.87695
19.68	-8.87695
19.685	-8.87695
19.69	-8.87695
19.695	-8.87695
19.7	-8.87695
19.705	-8.87695
19.71	-8.87695
19.715	-8.87695
19.72	-8.87695
19.725	-8.87695
19.73	-8.87695
19.735	-8.87695
19.74	-8.87695
19.745	-8.87695
19.75	-8.87695
19.755	-8.87695
19.76	-8.87695
19.765	-8.87695
19.77	-8.87695
19.775	-8.87695
19.78	-8.87695
19.785	-8.87695
19.79	-8.87695
19.795	-8.87695
19.8	-8.87695
19.805	-8.87695
19.81	-8.9209
19.815	-8.87695
19.82	-8.9209
19.825	-8.9209
19.83	-8.9209
19.835	-8.9209
19.84	-8.9209
19.845	-8.9209
19.85	-8.9209
19.855	-8.9209
19.86	-8.9209
19.865	-8.9209
19.87	-8.9209
19.875	-8.9209
19.88	-8.9209
19.885	-8.9209
19.89	-8.9209
19.895	-8.9209
19.9	-8.9209
19.905	-8.9209
19.91	-8.9209
19.915	-8.9209
19.92	-8.9209
19.925	-8.9209
19.93	-8.9209
19.935	-8.9209
19.94	-8.9209
19.945	-8.9209
19.95	-8.9209
19.955	-8.9209
19.96	-8.9209
19.965	-8.9209
19.97	-8.9209
19.975	-8.9209
19.98	-8.9209
19.985	-8.9209
19.99	-8.96484
19.995	-8.9209
20	-8.96484
20.005	-8.96484
20.01	-8.96484
20.015	-8.96484
20.02	-8.96484
20.025	-8.96484
20.03	-8.96484
20.035	-8.96484
20.04	-8.96484
20.045	-8.96484
20.05	-8.96484
20.055	-9.00879
20.06	-9.00879
20.065	-9.00879
20.07	-9.05273
20.075	-9.05273
20.08	-9.05273
20.085	-9.05273
20.09	-9.09668
20.095	-9.09668
20.1	-9.09668
20.105	-9.09668
20.11	-9.14063
20.115	-9.14063
20.12	-9.14063
20.125	-9.18457
20.13	-9.18457
20.135	-9.18457
20.14	-9.22852
20.145	-9.22852
20.15	-9.22852
20.155	-9.27246
20.16	-9.27246
20.165	-9.27246
20.17	-9.31641
20.175	-9.31641
20.18	-9.36035
20.185	-9.36035
20.19	-9.36035
20.195	-9.4043
20.2	-9.4043
20.205	-9.44824
20.21	-9.44824
20.215	-9.44824
20.22	-9.49219
20.225	-9.49219
20.23	-9.49219
20.235	-9.49219
20.24	-9.49219
20.245	-9.53613
20.25	-9.53613
20.255	-9.53613
20.26	-9.53613
20.265	-9.53613
20.27	-9.53613
20.275	-9.58008
20.28	-9.58008
20.285	-9.58008
20.29	-9.58008
20.295	-9.58008
20.3	-9.58008
20.305	-9.58008
20.31	-9.58008
20.315	-9.58008
20.32	-9.58008
20.325	-9.58008
20.33	-9.58008
20.335	-9.58008
20.34	-9.58008
20.345	-9.58008
20.35	-9.58008
20.355	-9.58008
20.36	-9.58008
20.365	-9.58008
20.37	-9.58008
20.375	-9.58008
20.38	-9.58008
20.385	-9.58008
20.39	-9.58008
20.395	-9.53613
20.4	-9.53613
20.405	-9.53613
20.41	-9.53613
20.415	-9.53613
20.42	-9.49219
20.425	-9.49219
20.43	-9.49219
20.435	-9.49219
20.44	-9.49219
20.445	-9.44824
20.45	-9.44824
20.455	-9.44824
20.46	-9.44824
20.465	-9.4043
20.47	-9.36035
20.475	-9.31641
20.48	-9.31641
20.485	-9.27246
20.49	-9.27246
20.495	-9.22852
20.5	-9.27246
20.505	-9.18457
20.51	-9.14063
20.515	-9.14063
20.52	-9.00879
20.525	-9.05273
20.53	-8.96484
20.535	-8.87695
20.54	-8.87695
20.545	-8.83301
20.55	-8.74512
20.555	-8.70117
20.56	-8.70117
20.565	-8.56934
20.57	-8.56934
20.575	-8.52539
20.58	-8.4375
20.585	-8.39355
20.59	-8.34961
20.595	-8.26172
20.6	-8.21777
20.605	-8.17383
20.61	-8.04199
20.615	-7.99805
20.62	-7.9541
20.625	-7.82227
20.63	-7.77832
20.635	-7.73437
20.64	-7.60254
20.645	-7.55859
20.65	-7.51465
20.655	-7.38281
20.66	-7.33887
20.665	-7.29492
20.67	-7.20703
20.675	-7.16309
20.68	-7.0752
20.685	-6.89941
20.69	-6.85547
20.695	-6.72363
20.7	-6.63574
20.705	-6.5918
20.71	-6.50391
20.715	-6.45996
20.72	-6.41602
20.725	-6.19629
20.73	-6.15234
20.735	-6.1084
20.74	-6.02051
20.745	-5.93262
20.75	-5.88867
20.755	-5.66895
20.76	-5.625
20.765	-5.36133
20.77	-5.31738
20.775	-5.09766
20.78	-5.05371
20.785	-5.00977
20.79	-4.83398
20.795	-4.79004
20.8	-4.74609
20.805	-4.61426
20.81	-4.57031
20.815	-4.52637
20.82	-4.35059
20.825	-4.30664
20.83	-4.1748
20.835	-4.08691
20.84	-4.04297
20.845	-3.91113
20.85	-3.82324
20.855	-3.69141
20.86	-3.64746
20.865	-3.55957
20.87	-3.42773
20.875	-3.38379
20.88	-3.33984
20.885	-3.16406
20.89	-3.12012
20.895	-3.07617
20.9	-2.94434
20.905	-2.90039
20.91	-2.85645
20.915	-2.72461
20.92	-2.68066
20.925	-2.63672
20.93	-2.41699
20.935	-2.37305
20.94	-2.3291
20.945	-2.19727
20.95	-2.15332
20.955	-2.10938
20.96	-1.93359
20.965	-1.88965
20.97	-1.75781
20.975	-1.66992
20.98	-1.62598
20.985	-1.4502
20.99	-1.40625
20.995	-1.3623
21	-1.18652
21.005	-1.09863
21.01	-1.05469
21.015	-0.878906
21.02	-0.834961
21.025	-0.791016
21.03	-0.571289
21.035	-0.527344
21.04	-0.351562
21.045	-0.351562
21.05	-0.263672
21.055	-0.131836
21.06	-0.0439453
21.065	0
21.07	0.131836
21.075	0.175781
21.08	0.219727
21.085	0.395508
21.09	0.439453
21.095	0.615234
21.1	0.65918
21.105	0.703125
21.11	0.922852
21.115	0.966797
21.12	1.09863
21.125	1.18652
21.13	1.23047
21.135	1.3623
21.14	1.40625
21.145	1.4502
21.15	1.58203
21.155	1.62598
21.16	1.66992
21.165	1.80176
21.17	1.8457
21.175	1.93359
21.18	2.02148
21.185	2.06543
21.19	2.10938
21.195	2.24121
21.2	2.28516
21.205	2.3291
21.21	2.50488
21.215	2.54883
21.22	2.59277
21.225	2.72461
21.23	2.76855
21.235	2.94434
21.24	3.03223
21.245	3.03223
21.25	3.25195
21.255	3.2959
21.26	3.33984
21.265	3.51563
21.27	3.55957
21.275	3.69141
21.28	3.73535
21.285	3.7793
21.29	3.86719
21.295	3.91113
21.3	3.95508
21.305	4.08691
21.31	4.13086
21.315	4.21875
21.32	4.30664
21.325	4.35059
21.33	4.43848
21.335	4.48242
21.34	4.52637
21.345	4.6582
21.35	4.70215
21.355	4.74609
21.36	4.83398
21.365	4.87793
21.37	4.92188
21.375	5.00977
21.38	5.05371
21.385	5.09766
21.39	5.18555
21.395	5.18555
21.4	5.27344
21.405	5.31738
21.41	5.36133
21.415	5.40527
21.42	5.53711
21.425	5.53711
21.43	5.58105
21.435	5.66895
21.44	5.71289
21.445	5.71289
21.45	5.80078
21.455	5.84473
21.46	5.88867
21.465	5.97656
21.47	6.02051
21.475	6.06445
21.48	6.15234
21.485	6.19629
21.49	6.24023
21.495	6.32812
21.5	6.37207
21.505	6.41602
21.51	6.45996
21.515	6.50391
21.52	6.50391
21.525	6.54785
21.53	6.5918
21.535	6.63574
21.54	6.67969
21.545	6.72363
21.55	6.76758
21.555	6.81152
21.56	6.85547
21.565	6.85547
21.57	6.89941
21.575	6.94336
21.58	7.03125
21.585	7.0752
21.59	7.16309
21.595	7.16309
21.6	7.20703
21.605	7.25098
21.61	7.29492
21.615	7.33887
21.62	7.38281
21.625	7.42676
21.63	7.42676
21.635	7.55859
21.64	7.55859
21.645	7.60254
21.65	7.64648
21.655	7.64648
21.66	7.69043
21.665	7.73437
21.67	7.77832
21.675	7.82227
21.68	7.86621
21.685	7.91016
21.69	7.9541
21.695	7.99805
21.7	7.99805
21.705	8.08594
21.71	8.08594
21.715	8.12988
21.72	8.21777
21.725	8.26172
21.73	8.26172
21.735	8.34961
21.74	8.34961
21.745	8.39355
21.75	8.48145
21.755	8.48145
21.76	8.48145
21.765	8.56934
21.77	8.56934
21.775	8.61328
21.78	8.65723
21.785	8.65723
21.79	8.70117
21.795	8.74512
21.8	8.74512
21.805	8.78906
21.81	8.83301
21.815	8.83301
21.82	8.87695
21.825	8.87695
21.83	8.9209
21.835	8.96484
21.84	9.00879
21.845	9.05273
21.85	9.05273
21.855	9.09668
21.86	9.14063
21.865	9.14063
21.87	9.14063
21.875	9.18457
21.88	9.18457
21.885	9.22852
21.89	9.22852
21.895	9.27246
21.9	9.27246
21.905	9.31641
21.91	9.36035
21.915	9.4043
21.92	9.4043
21.925	9.44824
21.93	9.49219
21.935	9.49219
21.94	9.49219
21.945	9.53613
21.95	9.53613
21.955	9.58008
21.96	9.62402
21.965	9.62402
21.97	9.66797
21.975	9.66797
21.98	9.71191
21.985	9.71191
21.99	9.75586
21.995	9.7998
22	9.7998
22.005	9.84375
22.01	9.84375
22.015	9.84375
22.02	9.8877
22.025	9.8877
22.03	9.93164
22.035	9.93164
22.04	9.97559
22.045	9.97559
22.05	10.0195
22.055	10.0195
22.06	10.0195
22.065	10.0635
22.07	10.0635
22.075	10.1074
22.08	10.1514
22.085	10.1514
22.09	10.1514
22.095	10.1953
22.1	10.1953
22.105	10.1953
22.11	10.2393
22.115	10.2393
22.12	10.2393
22.125	10.2832
22.13	10.2832
22.135	10.3271
22.14	10.3271
22.145	10.3271
22.15	10.3271
22.155	10.3711
22.16	10.3711
22.165	10.415
22.17	10.415
22.175	10.459
22.18	10.459
22.185	10.459
22.19	10.459
22.195	10.459
22.2	10.5029
22.205	10.5029
22.21	10.5469
22.215	10.5469
22.22	10.5469
22.225	10.5908
22.23	10.5908
22.235	10.6348
22.24	10.6348
22.245	10.6348
22.25	10.6348
22.255	10.6787
22.26	10.6787
22.265	10.6787
22.27	10.6787
22.275	10.7227
22.28	10.7227
22.285	10.7227
22.29	10.7227
22.295	10.7666
22.3	10.7666
22.305	10.7666
22.31	10.8105
22.315	10.8105
22.32	10.8105
22.325	10.8105
22.33	10.8105
22.335	10.8105
22.34	10.8545
22.345	10.8545
22.35	10.8545
22.355	10.8545
22.36	10.8545
22.365	10.8545
22.37	10.8984
22.375	10.8984
22.38	10.8984
22.385	10.9424
22.39	10.9424
22.395	10.9424
22.4	10.9424
22.405	10.9424
22.41	10.9863
22.415	10.9863
22.42	10.9863
22.425	10.9863
22.43	10.9863
22.435	10.9863
22.44	11.0303
22.445	11.0303
22.45	11.0303
22.455	11.0303
22.46	11.0303
22.465	11.0303
22.47	11.0742
22.475	11.0742
22.48	11.0742
22.485	11.1182
22.49	11.1182
22.495	11.1182
22.5	11.1182
22.505	11.1182
22.51	11.1182
22.515	11.1182
22.52	11.1621
22.525	11.1621
22.53	11.1621
22.535	11.1621
22.54	11.1621
22.545	11.1621
22.55	11.1621
22.555	11.1621
22.56	11.1621
22.565	11.2061
22.57	11.2061
22.575	11.2061
22.58	11.2061
22.585	11.2061
22.59	11.2061
22.595	11.2061
22.6	11.25
22.605	11.25
22.61	11.25
22.615	11.25
22.62	11.25
22.625	11.25
22.63	11.25
22.635	11.25
22.64	11.25
22.645	11.25
22.65	11.2939
22.655	11.2939
22.66	11.2939
22.665	11.2939
22.67	11.2939
22.675	11.2939
22.68	11.3379
22.685	11.3379
22.69	11.3379
22.695	11.3379
22.7	11.3379
22.705	11.3379
22.71	11.3379
22.715	11.3379
22.72	11.3379
22.725	11.3818
22.73	11.3818
22.735	11.3818
22.74	11.3818
22.745	11.3818
22.75	11.3818
22.755	11.3818
22.76	11.3818
22.765	11.3818
22.77	11.3818
22.775	11.3818
22.78	11.3818
22.785	11.4258
22.79	11.4258
22.795	11.4258
22.8	11.4258
22.805	11.4258
22.81	11.4258
22.815	11.4258
22.82	11.4258
22.825	11.4258
22.83	11.4258
22.835	11.4258
22.84	11.4258
22.845	11.4258
22.85	11.4258
22.855	11.4258
22.86	11.4258
22.865	11.4697
22.87	11.4697
22.875	11.4697
22.88	11.4697
22.885	11.4697
22.89	11.4697
22.895	11.4697
22.9	11.4697
22.905	11.4697
22.91	11.4697
22.915	11.4697
22.92	11.4697
22.925	11.4697
22.93	11.4697
22.935	11.4697
22.94	11.5137
22.945	11.5137
22.95	11.5137
22.955	11.5137
22.96	11.5137
22.965	11.5137
22.97	11.5137
22.975	11.5137
22.98	11.5137
22.985	11.5137
22.99	11.5137
22.995	11.5137
23	11.5137
23.005	11.5137
23.01	11.5137
23.015	11.5137
23.02	11.5137
23.025	11.5137
23.03	11.5137
23.035	11.5137
23.04	11.5137
23.045	11.5137
23.05	11.5137
23.055	11.5137
23.06	11.5137
23.065	11.5576
23.07	11.5576
23.075	11.5137
23.08	11.5576
23.085	11.5137
23.09	11.5576
23.095	11.5576
23.1	11.5576
23.105	11.5576
23.11	11.5576
23.115	11.5576
23.12	11.5576
23.125	11.5576
23.13	11.5576
23.135	11.5576
23.14	11.5576
23.145	11.5576
23.15	11.5576
23.155	11.5576
23.16	11.5576
23.165	11.5576
23.17	11.5576
23.175	11.5576
23.18	11.5576
23.185	11.5576
23.19	11.5576
23.195	11.5576
23.2	11.5576
23.205	11.5576
23.21	11.5576
23.215	11.5576
23.22	11.5576
23.225	11.5576
23.23	11.5576
23.235	11.5576
23.24	11.5576
23.245	11.5576
23.25	11.5576
23.255	11.5576
23.26	11.5576
23.265	11.5576
23.27	11.5576
23.275	11.5576
23.28	11.5576
23.285	11.5576
23.29	11.5576
23.295	11.5576
23.3	11.5576
23.305	11.5576
23.31	11.5576
23.315	11.5576
23.32	11.5576
23.325	11.5576
23.33	11.5576
23.335	11.5576
23.34	11.5576
23.345	11.5576
23.35	11.5576
23.355	11.5576
23.36	11.5576
23.365	11.5576
23.37	11.5576
23.375	11.5576
23.38	11.5576
23.385	11.5576
23.39	11.5576
23.395	11.5576
23.4	11.5576
23.405	11.5576
23.41	11.5576
23.415	11.5576
23.42	11.5576
23.425	11.5576
23.43	11.5576
23.435	11.5576
23.44	11.5576
23.445	11.5576
23.45	11.5576
23.455	11.5576
23.46	11.5576
23.465	11.5576
23.47	11.5576
23.475	11.5576
23.48	11.5576
23.485	11.5576
23.49	11.5576
23.495	11.5576
23.5	11.5576
23.505	11.5576
23.51	11.5576
23.515	11.5576
23.52	11.5576
23.525	11.5576
23.53	11.5576
23.535	11.5576
23.54	11.5576
23.545	11.5576
23.55	11.5576
23.555	11.5576
23.56	11.5576
23.565	11.5576
23.57	11.5576
23.575	11.5576
23.58	11.5576
23.585	11.5576
23.59	11.5576
23.595	11.5576
23.6	11.5576
23.605	11.5576
23.61	11.5576
23.615	11.5576
23.62	11.5576
23.625	11.5576
23.63	11.5576
23.635	11.5576
23.64	11.5576
23.645	11.5576
23.65	11.5576
23.655	11.5576
23.66	11.5576
23.665	11.5576
23.67	11.5576
23.675	11.5137
23.68	11.5576
23.685	11.5137
23.69	11.5576
23.695	11.5137
23.7	11.5137
23.705	11.5576
23.71	11.5137
23.715	11.5137
23.72	11.5576
23.725	11.5576
23.73	11.5137
23.735	11.5137
23.74	11.5137
23.745	11.5137
23.75	11.5137
23.755	11.5137
23.76	11.5137
23.765	11.5137
23.77	11.5137
23.775	11.5137
23.78	11.5137
23.785	11.5137
23.79	11.5137
23.795	11.5137
23.8	11.5137
23.805	11.5137
23.81	11.5137
23.815	11.5137
23.82	11.5137
23.825	11.5137
23.83	11.5137
23.835	11.5137
23.84	11.5137
23.845	11.5137
23.85	11.5137
23.855	11.5137
23.86	11.5137
23.865	11.5137
23.87	11.5137
23.875	11.5137
23.88	11.5137
23.885	11.5137
23.89	11.5137
23.895	11.5137
23.9	11.5137
23.905	11.5137
23.91	11.5137
23.915	11.5137
23.92	11.5137
23.925	11.5137
23.93	11.5137
23.935	11.5137
23.94	11.5137
23.945	11.5137
23.95	11.5137
23.955	11.5137
23.96	11.5137
23.965	11.5137
23.97	11.5137
23.975	11.5137
23.98	11.5137
23.985	11.5137
23.99	11.5137
23.995	11.5137
24	11.5137
24.005	11.5137
24.01	11.5137
24.015	11.5137
24.02	11.5137
24.025	11.5137
24.03	11.5137
24.035	11.5137
24.04	11.5137
24.045	11.5137
24.05	11.5137
24.055	11.5137
24.06	11.5137
24.065	11.5137
24.07	11.5137
24.075	11.5137
24.08	11.5137
24.085	11.5137
24.09	11.5137
24.095	11.5137
24.1	11.5137
24.105	11.5137
24.11	11.5137
24.115	11.5137
24.12	11.5137
24.125	11.5137
24.13	11.5137
24.135	11.5137
24.14	11.5137
24.145	11.5137
24.15	11.5137
24.155	11.5137
24.16	11.5137
24.165	11.5137
24.17	11.5137
24.175	11.5137
24.18	11.5137
24.185	11.5137
24.19	11.5137
24.195	11.5137
24.2	11.5137
24.205	11.5137
24.21	11.4697
24.215	11.5137
24.22	11.5137
24.225	11.5137
24.23	11.4697
24.235	11.5137
24.24	11.5137
24.245	11.4697
24.25	11.5137
24.255	11.5137
24.26	11.5137
24.265	11.4697
24.27	11.5137
24.275	11.5137
24.28	11.4697
24.285	11.5137
24.29	11.5137
24.295	11.4697
24.3	11.4697
24.305	11.5137
24.31	11.4697
24.315	11.5137
24.32	11.5137
24.325	11.4697
24.33	11.5137
24.335	11.5137
24.34	11.5137
24.345	11.4697
24.35	11.4697
24.355	11.5137
24.36	11.5137
24.365	11.5137
24.37	11.5137
24.375	11.4697
24.38	11.5137
24.385	11.5137
24.39	11.5137
24.395	11.5137
24.4	11.5137
24.405	11.4697
24.41	11.5137
24.415	11.5137
24.42	11.5137
24.425	11.5137
24.43	11.5137
24.435	11.5137
24.44	11.5137
24.445	11.5137
24.45	11.5137
24.455	11.5137
24.46	11.5137
24.465	11.5137
24.47	11.5137
24.475	11.5137
24.48	11.5137
24.485	11.5137
24.49	11.5137
24.495	11.5137
24.5	11.5137
24.505	11.5137
24.51	11.5137
24.515	11.5137
24.52	11.5137
24.525	11.5137
24.53	11.5137
24.535	11.5137
24.54	11.5137
24.545	11.5137
24.55	11.5137
24.555	11.5137
24.56	11.5137
24.565	11.5137
24.57	11.5137
24.575	11.5137
24.58	11.5137
24.585	11.5137
24.59	11.5137
24.595	11.5137
24.6	11.5137
24.605	11.5137
24.61	11.5137
24.615	11.5137
24.62	11.5137
24.625	11.5137
24.63	11.5137
24.635	11.5137
24.64	11.5137
24.645	11.5137
24.65	11.5137
24.655	11.5137
24.66	11.5137
24.665	11.5137
24.67	11.5137
24.675	11.5137
24.68	11.5137
24.685	11.5137
24.69	11.5137
24.695	11.5137
24.7	11.5137
24.705	11.5137
24.71	11.5137
24.715	11.5137
24.72	11.5137
24.725	11.5137
24.73	11.5137
24.735	11.5137
24.74	11.5137
24.745	11.5137
24.75	11.5137
24.755	11.5137
24.76	11.5137
24.765	11.5137
24.77	11.5137
24.775	11.5137
24.78	11.5137
24.785	11.5137
24.79	11.5137
24.795	11.5137
24.8	11.5137
24.805	11.5137
24.81	11.5137
24.815	11.5137
24.82	11.5137
24.825	11.5137
24.83	11.5137
24.835	11.5137
24.84	11.5137
24.845	11.5137
24.85	11.5137
24.855	11.5137
24.86	11.5137
24.865	11.5137
24.87	11.5137
24.875	11.5137
24.88	11.5137
24.885	11.5137
24.89	11.5137
24.895	11.5137
24.9	11.5137
24.905	11.5137
24.91	11.5137
24.915	11.5137
24.92	11.5137
24.925	11.5137
24.93	11.5137
24.935	11.5137
24.94	11.5137
24.945	11.5137
24.95	11.5137
24.955	11.5137
24.96	11.5137
24.965	11.5137
24.97	11.5137
24.975	11.5137
24.98	11.5137
24.985	11.5137
24.99	11.5137
24.995	11.5137
25	11.5137
25.005	11.5137
25.01	11.5137
25.015	11.5137
25.02	11.5137
25.025	11.5137
25.03	11.5137
25.035	11.5137
25.04	11.5137
25.045	11.5137
25.05	11.5137
25.055	11.5137
25.06	11.5137
25.065	11.5576
25.07	11.5576
25.075	11.5576
25.08	11.5576
25.085	11.5576
25.09	11.5576
25.095	11.5576
25.1	11.5576
25.105	11.5576
25.11	11.5576
25.115	11.6016
25.12	11.6016
25.125	11.6016
25.13	11.6016
25.135	11.6016
25.14	11.6016
25.145	11.6455
25.15	11.6016
25.155	11.6455
25.16	11.6016
25.165	11.6455
25.17	11.6455
25.175	11.6895
25.18	11.6455
25.185	11.6455
25.19	11.6895
25.195	11.6895
25.2	11.6895
25.205	11.6455
25.21	11.6455
25.215	11.7773
25.22	11.6895
25.225	11.7773
25.23	11.7334
25.235	11.7334
25.24	11.7334
25.245	11.7773
25.25	11.7334
25.255	11.8213
25.26	11.7773
25.265	11.8213
25.27	11.8213
25.275	11.8652
25.28	11.8213
25.285	11.8652
25.29	11.8213
25.295	11.8652
25.3	11.8652
25.305	11.8652
25.31	11.8652
25.315	11.9092
25.32	11.9092
25.325	11.9092
25.33	11.9092
25.335	11.9531
25.34	11.9531
25.345	11.9531
25.35	11.9531
25.355	11.9531
25.36	11.9531
25.365	11.9531
25.37	11.9531
25.375	11.9531
25.38	11.9531
25.385	11.9531
25.39	11.9531
25.395	11.9531
25.4	11.9531
25.405	11.9971
25.41	11.9971
25.415	11.9971
25.42	11.9971
25.425	11.9971
25.43	11.9971
25.435	11.9971
25.44	11.9971
25.445	11.9971
25.45	11.9971
25.455	11.9971
25.46	11.9971
25.465	11.9531
25.47	11.9531
25.475	11.9531
25.48	11.9531
25.485	11.9531
25.49	11.9531
25.495	11.9531
25.5	11.9531
25.505	11.9531
25.51	11.9531
25.515	11.9531
25.52	11.9531
25.525	11.9531
25.53	11.9531
25.535	11.9531
25.54	11.9531
25.545	11.9531
25.55	11.9531
25.555	11.9092
25.56	11.9092
25.565	11.9092
25.57	11.9092
25.575	11.9092
25.58	11.9092
25.585	11.9092
25.59	11.9092
25.595	11.9092
25.6	11.9092
25.605	11.9092
25.61	11.9092
25.615	11.9092
25.62	11.9092
25.625	11.9092
25.63	11.8652
25.635	11.8652
25.64	11.8652
25.645	11.8652
25.65	11.8652
25.655	11.8652
25.66	11.8652
25.665	11.8652
25.67	11.8652
25.675	11.8652
25.68	11.8652
25.685	11.8652
25.69	11.8652
25.695	11.8652
25.7	11.8652
25.705	11.8652
25.71	11.8652
25.715	11.8652
25.72	11.8652
25.725	11.8652
25.73	11.8652
25.735	11.8652
25.74	11.8652
25.745	11.8652
25.75	11.8652
25.755	11.8652
25.76	11.8652
25.765	11.8652
25.77	11.8652
25.775	11.8652
25.78	11.8652
25.785	11.8652
25.79	11.8652
25.795	11.8652
25.8	11.8652
25.805	11.8652
25.81	11.8652
25.815	11.8652
25.82	11.9092
25.825	11.9092
25.83	11.9092
25.835	11.9092
25.84	11.9092
25.845	11.9092
25.85	11.9092
25.855	11.9092
25.86	11.9092
25.865	11.9092
25.87	11.9531
25.875	11.9531
25.88	11.9531
25.885	11.9531
25.89	11.9531
25.895	11.9531
25.9	11.9531
25.905	11.9531
25.91	11.9971
25.915	11.9971
25.92	11.9971
25.925	11.9971
25.93	11.9971
25.935	11.9971
25.94	11.9971
25.945	12.041
25.95	12.041
25.955	12.041
25.96	12.041
25.965	12.041
25.97	12.041
25.975	12.085
25.98	12.085
25.985	12.085
25.99	12.085
25.995	12.085
26	12.085
26.005	12.1289
26.01	12.1289
26.015	12.1289
26.02	12.1289
26.025	12.1289
26.03	12.1729
26.035	12.1729
26.04	12.2168
26.045	12.2168
26.05	12.2168
26.055	12.2168
26.06	12.2607
26.065	12.2607
26.07	12.2607
26.075	12.2607
26.08	12.2607
26.085	12.2607
26.09	12.3047
26.095	12.3047
26.1	12.3047
26.105	12.3047
26.11	12.3047
26.115	12.3486
26.12	12.3486
26.125	12.3486
26.13	12.3486
26.135	12.3486
26.14	12.3926
26.145	12.3926
26.15	12.3926
26.155	12.3926
26.16	12.3926
26.165	12.4365
26.17	12.4365
26.175	12.4365
26.18	12.4365
26.185	12.4365
26.19	12.4805
26.195	12.4805
26.2	12.4805
26.205	12.4805
26.21	12.4805
26.215	12.4805
26.22	12.4805
26.225	12.4805
26.23	12.4805
26.235	12.5244
26.24	12.5244
26.245	12.5244
26.25	12.5244
26.255	12.5684
26.26	12.5684
26.265	12.5684
26.27	12.5684
26.275	12.5684
26.28	12.6123
26.285	12.6123
26.29	12.6123
26.295	12.6123
26.3	12.6123
26.305	12.6123
26.31	12.6562
26.315	12.6562
26.32	12.6562
26.325	12.6562
26.33	12.6562
26.335	12.6562
26.34	12.6562
26.345	12.6562
26.35	12.6562
26.355	12.7002
26.36	12.7002
26.365	12.7002
26.37	12.7002
26.375	12.7002
26.38	12.7002
26.385	12.7002
26.39	12.7441
26.395	12.7441
26.4	12.7441
26.405	12.7441
26.41	12.7441
26.415	12.7441
26.42	12.7441
26.425	12.7441
26.43	12.7441
26.435	12.7441
26.44	12.7881
26.445	12.7881
26.45	12.7881
26.455	12.7881
26.46	12.7881
26.465	12.7881
26.47	12.7881
26.475	12.7881
26.48	12.7881
26.485	12.7881
26.49	12.7881
26.495	12.832
26.5	12.832
26.505	12.832
26.51	12.832
26.515	12.832
26.52	12.832
26.525	12.832
26.53	12.832
26.535	12.832
26.54	12.876
26.545	12.876
26.55	12.876
26.555	12.876
26.56	12.876
26.565	12.876
26.57	12.876
26.575	12.876
26.58	12.876
26.585	12.876
26.59	12.9199
26.595	12.9199
26.6	12.9199
26.605	12.9199
26.61	12.9199
26.615	12.9199
26.62	12.9199
26.625	12.9199
26.63	12.9199
26.635	12.9199
26.64	12.9199
26.645	12.9199
26.65	12.9199
26.655	12.9199
26.66	12.9639
26.665	12.9639
26.67	12.9639
26.675	12.9639
26.68	12.9639
26.685	12.9639
26.69	12.9639
26.695	12.9639
26.7	12.9639
26.705	12.9639
26.71	12.9639
26.715	12.9639
26.72	12.9639
26.725	12.9639
26.73	12.9639
26.735	12.9639
26.74	12.9639
26.745	12.9639
26.75	12.9639
26.755	12.9639
26.76	12.9639
26.765	12.9639
26.77	12.9639
26.775	12.9639
26.78	13.0078
26.785	13.0078
26.79	13.0078
26.795	13.0078
26.8	13.0078
26.805	13.0078
26.81	13.0078
26.815	13.0078
26.82	13.0078
26.825	13.0078
26.83	13.0078
26.835	13.0078
26.84	13.0078
26.845	13.0078
26.85	13.0078
26.855	13.0078
26.86	13.0078
26.865	13.0078
26.87	13.0078
26.875	13.0078
26.88	13.0078
26.885	13.0078
26.89	13.0078
26.895	13.0078
26.9	13.0078
26.905	13.0078
26.91	13.0078
26.915	13.0078
26.92	13.0078
26.925	13.0078
26.93	13.0078
26.935	13.0078
26.94	13.0078
26.945	13.0078
26.95	13.0078
26.955	13.0078
26.96	13.0078
26.965	13.0078
26.97	13.0078
26.975	13.0078
26.98	13.0078
26.985	13.0078
26.99	13.0078
26.995	13.0078
27	13.0078
27.005	13.0078
27.01	12.9639
27.015	12.9639
27.02	12.9639
27.025	12.9639
27.03	12.9639
27.035	12.9639
27.04	12.9639
27.045	12.9639
27.05	12.9639
27.055	12.9639
27.06	12.9639
27.065	12.9639
27.07	12.9639
27.075	12.9639
27.08	12.9639
27.085	12.9639
27.09	12.9639
27.095	12.9639
27.1	12.9639
27.105	12.9639
27.11	12.9639
27.115	12.9639
27.12	12.9639
27.125	12.9639
27.13	12.9639
27.135	12.9639
27.14	12.9639
27.145	12.9639
27.15	12.9639
27.155	12.9639
27.16	12.9639
27.165	12.9199
27.17	12.9199
27.175	12.9199
27.18	12.9199
27.185	12.9199
27.19	12.9199
27.195	12.9199
27.2	12.9199
27.205	12.9199
27.21	12.9199
27.215	12.9199
27.22	12.9199
27.225	12.9199
27.23	12.9199
27.235	12.9199
27.24	12.9199
27.245	12.9199
27.25	12.9199
27.255	12.9199
27.26	12.876
27.265	12.876
27.27	12.876
27.275	12.876
27.28	12.876
27.285	12.876
27.29	12.876
27.295	12.876
27.3	12.876
27.305	12.876
27.31	12.876
27.315	12.876
27.32	12.876
27.325	12.876
27.33	12.876
27.335	12.876
27.34	12.832
27.345	12.832
27.35	12.832
27.355	12.832
27.36	12.832
27.365	12.832
27.37	12.832
27.375	12.832
27.38	12.832
27.385	12.832
27.39	12.832
27.395	12.832
27.4	12.832
27.405	12.832
27.41	12.832
27.415	12.832
27.42	12.7881
27.425	12.7881
27.43	12.7881
27.435	12.7881
27.44	12.7881
27.445	12.7881
27.45	12.7881
27.455	12.7881
27.46	12.7881
27.465	12.7881
27.47	12.7881
27.475	12.7881
27.48	12.7881
27.485	12.7881
27.49	12.7441
27.495	12.7441
27.5	12.7441
27.505	12.7441
27.51	12.7441
27.515	12.7441
27.52	12.7441
27.525	12.7441
27.53	12.7441
27.535	12.7441
27.54	12.7441
27.545	12.7441
27.55	12.7441
27.555	12.7441
27.56	12.7002
27.565	12.7441
27.57	12.7002
27.575	12.7002
27.58	12.7002
27.585	12.7002
27.59	12.7002
27.595	12.7002
27.6	12.7002
27.605	12.7002
27.61	12.7002
27.615	12.7002
27.62	12.7002
27.625	12.7002
27.63	12.7002
27.635	12.7002
27.64	12.7002
27.645	12.6562
27.65	12.6562
27.655	12.6562
27.66	12.6562
27.665	12.6562
27.67	12.6562
27.675	12.6562
27.68	12.6562
27.685	12.6562
27.69	12.6562
27.695	12.6562
27.7	12.6562
27.705	12.6562
27.71	12.6562
27.715	12.6562
27.72	12.6123
27.725	12.6123
27.73	12.6123
27.735	12.6123
27.74	12.6123
27.745	12.6123
27.75	12.6123
27.755	12.6123
27.76	12.6123
27.765	12.6123
27.77	12.6123
27.775	12.6123
27.78	12.6123
27.785	12.6123
27.79	12.6123
27.795	12.6123
27.8	12.5684
27.805	12.5684
27.81	12.5684
27.815	12.5684
27.82	12.5684
27.825	12.5684
27.83	12.5684
27.835	12.5684
27.84	12.5684
27.845	12.5684
27.85	12.5684
27.855	12.5684
27.86	12.5684
27.865	12.5684
27.87	12.5684
27.875	12.5684
27.88	12.5684
27.885	12.5244
27.89	12.5244
27.895	12.5244
27.9	12.5244
27.905	12.5244
27.91	12.5244
27.915	12.5244
27.92	12.5244
27.925	12.5244
27.93	12.5244
27.935	12.5244
27.94	12.5244
27.945	12.5244
27.95	12.5244
27.955	12.5244
27.96	12.5244
27.965	12.4805
27.97	12.4805
27.975	12.4805
27.98	12.4805
27.985	12.4805
27.99	12.4805
27.995	12.4805
28	12.4805
28.005	12.4805
28.01	12.4805
28.015	12.4805
28.02	12.4805
28.025	12.4805
28.03	12.4805
28.035	12.4805
28.04	12.4805
28.045	12.4805
28.05	12.4805
28.055	12.4805
28.06	12.4805
28.065	12.4805
28.07	12.4805
28.075	12.4805
28.08	12.4805
28.085	12.4805
28.09	12.4805
28.095	12.4805
28.1	12.4805
28.105	12.4365
28.11	12.4365
28.115	12.4365
28.12	12.4365
28.125	12.4365
28.13	12.4365
28.135	12.4365
28.14	12.4365
28.145	12.4365
28.15	12.4365
28.155	12.4365
28.16	12.4365
28.165	12.4365
28.17	12.4365
28.175	12.4365
28.18	12.4365
28.185	12.4365
28.19	12.4365
28.195	12.4365
28.2	12.4365
28.205	12.4365
28.21	12.4365
28.215	12.4365
28.22	12.4365
28.225	12.4365
28.23	12.4365
28.235	12.4365
28.24	12.4365
28.245	12.4365
28.25	12.4365
28.255	12.4365
28.26	12.4365
28.265	12.4365
28.27	12.4365
28.275	12.4365
28.28	12.4365
28.285	12.4365
28.29	12.4365
28.295	12.4365
28.3	12.4365
28.305	12.4365
28.31	12.4365
28.315	12.4365
28.32	12.4365
28.325	12.4365
28.33	12.4365
28.335	12.4365
28.34	12.4365
28.345	12.4365
28.35	12.4365
28.355	12.4365
28.36	12.4365
28.365	12.4365
28.37	12.4365
28.375	12.4365
28.38	12.4365
28.385	12.4365
28.39	12.4365
28.395	12.4365
28.4	12.3926
28.405	12.4365
28.41	12.3926
28.415	12.4365
28.42	12.4365
28.425	12.4365
28.43	12.3926
28.435	12.3926
28.44	12.3926
28.445	12.3926
28.45	12.3926
28.455	12.3926
28.46	12.3926
28.465	12.3926
28.47	12.3926
28.475	12.3926
28.48	12.3926
28.485	12.3926
28.49	12.3926
28.495	12.3926
28.5	12.3926
28.505	12.3926
28.51	12.3926
28.515	12.3926
28.52	12.3926
28.525	12.3926
28.53	12.3926
28.535	12.3926
28.54	12.3926
28.545	12.3926
28.55	12.3926
28.555	12.3926
28.56	12.3926
28.565	12.3926
28.57	12.3926
28.575	12.3926
28.58	12.3926
28.585	12.3926
28.59	12.3926
28.595	12.3926
28.6	12.3926
28.605	12.3926
28.61	12.4365
28.615	12.4365
28.62	12.4365
28.625	12.4365
28.63	12.4365
28.635	12.4365
28.64	12.4365
28.645	12.4365
28.65	12.4365
28.655	12.4365
28.66	12.4365
28.665	12.4365
28.67	12.4365
28.675	12.4365
28.68	12.4365
28.685	12.4365
28.69	12.4365
28.695	12.4365
28.7	12.4365
28.705	12.4365
28.71	12.4365
28.715	12.4365
28.72	12.4365
28.725	12.4365
28.73	12.4365
28.735	12.4365
28.74	12.4365
28.745	12.4365
28.75	12.4365
28.755	12.4365
28.76	12.4365
28.765	12.4365
28.77	12.4365
28.775	12.4365
28.78	12.4365
28.785	12.4365
28.79	12.4365
28.795	12.4365
28.8	12.4365
28.805	12.4365
28.81	12.4365
28.815	12.4365
28.82	12.4805
28.825	12.4805
28.83	12.4805
28.835	12.4805
28.84	12.4805
28.845	12.4805
28.85	12.4805
28.855	12.4805
28.86	12.4805
28.865	12.4805
28.87	12.4805
28.875	12.4805
28.88	12.4805
28.885	12.4805
28.89	12.4805
28.895	12.4805
28.9	12.4805
28.905	12.4805
28.91	12.4805
28.915	12.4805
28.92	12.4805
28.925	12.4805
28.93	12.4805
28.935	12.4805
28.94	12.4805
28.945	12.4805
28.95	12.4805
28.955	12.4805
28.96	12.4805
28.965	12.4805
28.97	12.4805
28.975	12.4805
28.98	12.4805
28.985	12.4805
28.99	12.4805
28.995	12.4805
29	12.4805
29.005	12.4805
29.01	12.4805
29.015	12.4805
29.02	12.4805
29.025	12.4805
29.03	12.4805
29.035	12.4805
29.04	12.4805
29.045	12.4805
29.05	12.4805
29.055	12.4805
29.06	12.4805
29.065	12.4805
29.07	12.4805
29.075	12.4805
29.08	12.4805
29.085	12.4805
29.09	12.4805
29.095	12.4805
29.1	12.4805
29.105	12.4805
29.11	12.4805
29.115	12.4805
29.12	12.4805
29.125	12.4805
29.13	12.4805
29.135	12.4805
29.14	12.4805
29.145	12.4805
29.15	12.4805
29.155	12.5244
29.16	12.5244
29.165	12.5244
29.17	12.5244
29.175	12.5244
29.18	12.5244
29.185	12.5244
29.19	12.5244
29.195	12.5244
29.2	12.5244
29.205	12.5244
29.21	12.5244
29.215	12.5244
29.22	12.5244
29.225	12.5244
29.23	12.5244
29.235	12.5244
29.24	12.5244
29.245	12.5244
29.25	12.5244
29.255	12.5244
29.26	12.5244
29.265	12.5244
29.27	12.5244
29.275	12.5244
29.28	12.5244
29.285	12.5244
29.29	12.5244
29.295	12.5244
29.3	12.5244
29.305	12.5244
29.31	12.5244
29.315	12.5244
29.32	12.5244
29.325	12.5244
29.33	12.5244
29.335	12.5244
29.34	12.5244
29.345	12.5244
29.35	12.5244
29.355	12.5244
29.36	12.5244
29.365	12.5244
29.37	12.5244
29.375	12.5244
29.38	12.5244
29.385	12.5244
29.39	12.5244
29.395	12.5244
29.4	12.5244
29.405	12.5244
29.41	12.5244
29.415	12.5244
29.42	12.5244
29.425	12.5244
29.43	12.5244
29.435	12.5244
29.44	12.5244
29.445	12.5244
29.45	12.5244
29.455	12.5244
29.46	12.5244
29.465	12.5244
29.47	12.5244
29.475	12.5244
29.48	12.5244
29.485	12.5244
29.49	12.5244
29.495	12.5244
29.5	12.5244
29.505	12.4805
29.51	12.4805
29.515	12.4805
29.52	12.4805
29.525	12.4805
29.53	12.4805
29.535	12.4805
29.54	12.4805
29.545	12.4805
29.55	12.4805
29.555	12.4805
29.56	12.4805
29.565	12.4805
29.57	12.4805
29.575	12.4805
29.58	12.4805
29.585	12.4805
29.59	12.4805
29.595	12.4805
29.6	12.4805
29.605	12.4805
29.61	12.4805
29.615	12.4805
29.62	12.4805
29.625	12.4805
29.63	12.4805
29.635	12.4805
29.64	12.4805
29.645	12.4805
29.65	12.4805
29.655	12.4805
29.66	12.4805
29.665	12.4805
29.67	12.4805
29.675	12.4805
29.68	12.4805
29.685	12.4805
29.69	12.4805
29.695	12.4805
29.7	12.4805
29.705	12.4805
29.71	12.4805
29.715	12.4805
29.72	12.4805
29.725	12.4805
29.73	12.4805
29.735	12.4805
29.74	12.4805
29.745	12.4805
29.75	12.4805
29.755	12.4805
29.76	12.4805
29.765	12.4805
29.77	12.4805
29.775	12.4805
29.78	12.4805
29.785	12.4805
29.79	12.4805
29.795	12.4805
29.8	12.4805
29.805	12.4805
29.81	12.4805
29.815	12.4805
29.82	12.4805
29.825	12.4805
29.83	12.4805
29.835	12.4805
29.84	12.4805
29.845	12.4805
29.85	12.4805
29.855	12.4805
29.86	12.4365
29.865	12.4805
29.87	12.4365
29.875	12.4365
29.88	12.4365
29.885	12.4365
29.89	12.4365
29.895	12.4365
29.9	12.4365
29.905	12.4365
29.91	12.4365
29.915	12.4365
29.92	12.4365
29.925	12.4365
29.93	12.4365
29.935	12.4365
29.94	12.4365
29.945	12.4365
29.95	12.4365
29.955	12.4365
29.96	12.4365
29.965	12.4365
29.97	12.4365
29.975	12.4365
29.98	12.4365
29.985	12.4365
29.99	12.4365
29.995	12.4365
30	12.4365
30.005	12.4365
30.01	12.4365
30.015	12.4365
30.02	12.4365
30.025	12.4365
30.03	12.4365
30.035	12.3926
30.04	12.3926
30.045	12.3926
30.05	12.3926
30.055	12.3926
30.06	12.3926
30.065	12.3486
30.07	12.3486
30.075	12.3486
30.08	12.3486
30.085	12.3047
30.09	12.3047
30.095	12.3047
30.1	12.3047
30.105	12.3047
30.11	12.2607
30.115	12.2607
30.12	12.2607
30.125	12.2168
30.13	12.2168
30.135	12.2168
30.14	12.2168
30.145	12.1729
30.15	12.1729
30.155	12.1289
30.16	12.1289
30.165	12.1289
30.17	12.085
30.175	12.085
30.18	12.085
30.185	12.041
30.19	12.041
30.195	12.041
30.2	12.041
30.205	11.9971
30.21	11.9971
30.215	11.9971
30.22	11.9531
30.225	11.9531
30.23	11.9531
30.235	11.9092
30.24	11.9092
30.245	11.9092
30.25	11.8652
30.255	11.8652
30.26	11.8652
30.265	11.8652
30.27	11.8652
30.275	11.8213
30.28	11.8213
30.285	11.8213
30.29	11.8213
30.295	11.8213
30.3	11.7773
30.305	11.7773
30.31	11.7773
30.315	11.7773
30.32	11.7773
30.325	11.7773
30.33	11.7773
30.335	11.7773
30.34	11.7773
30.345	11.7773
30.35	11.7773
30.355	11.7773
30.36	11.7773
30.365	11.7773
30.37	11.7773
30.375	11.7773
30.38	11.7773
30.385	11.7773
30.39	11.7773
30.395	11.7773
30.4	11.7773
30.405	11.7334
30.41	11.7773
30.415	11.7334
30.42	11.7334
30.425	11.7334
30.43	11.7334
30.435	11.7334
30.44	11.7334
30.445	11.7334
30.45	11.7334
30.455	11.6895
30.46	11.6895
30.465	11.6895
30.47	11.6895
30.475	11.6455
30.48	11.6455
30.485	11.6455
30.49	11.6016
30.495	11.6016
30.5	11.5576
30.505	11.5576
30.51	11.5137
30.515	11.4697
30.52	11.5137
30.525	11.4258
30.53	11.4258
30.535	11.3379
30.54	11.3379
30.545	11.2939
30.55	11.25
30.555	11.25
30.56	11.2061
30.565	11.1621
30.57	11.0742
30.575	11.1182
30.58	10.9863
30.585	10.9424
30.59	10.9424
30.595	10.8105
30.6	10.7666
30.605	10.6348
30.61	10.6348
30.615	10.459
30.62	10.415
30.625	10.2832
30.63	10.2393
30.635	10.2393
30.64	10.0635
30.645	10.0635
30.65	9.97559
30.655	9.7998
30.66	9.71191
30.665	9.58008
30.67	9.49219
30.675	9.49219
30.68	9.31641
30.685	9.27246
30.69	9.05273
30.695	9.05273
30.7	8.96484
30.705	8.83301
30.71	8.74512
30.715	8.70117
30.72	8.48145
30.725	8.4375
30.73	8.39355
30.735	8.21777
30.74	8.17383
30.745	8.12988
30.75	7.86621
30.755	7.82227
30.76	7.64648
30.765	7.60254
30.77	7.55859
30.775	7.33887
30.78	7.25098
30.785	7.0752
30.79	7.03125
30.795	6.9873
30.8	6.81152
30.805	6.72363
30.81	6.5918
30.815	6.50391
30.82	6.45996
30.825	6.24023
30.83	6.15234
30.835	5.93262
30.84	5.88867
30.845	5.80078
30.85	5.71289
30.855	5.625
30.86	5.58105
30.865	5.36133
30.87	5.27344
30.875	5.22949
30.88	5.09766
30.885	5.05371
30.89	5.00977
30.895	4.83398
30.9	4.74609
30.905	4.70215
30.91	4.52637
30.915	4.43848
30.92	4.39453
30.925	4.21875
30.93	4.1748
30.935	4.13086
30.94	3.99902
30.945	3.95508
30.95	3.86719
30.955	3.64746
30.96	3.55957
30.965	3.51563
30.97	3.33984
30.975	3.2959
30.98	3.25195
30.985	3.07617
30.99	2.98828
30.995	2.94434
31	2.76855
31.005	2.72461
31.01	2.63672
31.015	2.50488
31.02	2.41699
31.025	2.24121
31.03	2.19727
31.035	2.15332
31.04	1.93359
31.045	1.88965
31.05	1.8457
31.055	1.66992
31.06	1.58203
31.065	1.3623
31.07	1.31836
31.075	1.27441
31.08	1.09863
31.085	1.05469
31.09	1.01074
31.095	0.791016
31.1	0.74707
31.105	0.703125
31.11	0.571289
31.115	0.527344
31.12	0.483398
31.125	0.307617
31.13	0.263672
31.135	0.0439453
31.14	0
31.145	-0.0439453
31.15	-0.219727
31.155	-0.263672
31.16	-0.395508
31.165	-0.483398
31.17	-0.527344
31.175	-0.65918
31.18	-0.703125
31.185	-0.74707
31.19	-0.922852
31.195	-0.966797
31.2	-1.01074
31.205	-1.14258
31.21	-1.18652
31.215	-1.27441
31.22	-1.40625
31.225	-1.4502
31.23	-1.49414
31.235	-1.58203
31.24	-1.62598
31.245	-1.66992
31.25	-1.88965
31.255	-1.93359
31.26	-2.06543
31.265	-2.10938
31.27	-2.15332
31.275	-2.28516
31.28	-2.3291
31.285	-2.46094
31.29	-2.50488
31.295	-2.54883
31.3	-2.63672
31.305	-2.68066
31.31	-2.72461
31.315	-2.90039
31.32	-2.94434
31.325	-2.98828
31.33	-3.07617
31.335	-3.12012
31.34	-3.16406
31.345	-3.2959
31.35	-3.33984
31.355	-3.51563
31.36	-3.51563
31.365	-3.60352
31.37	-3.64746
31.375	-3.69141
31.38	-3.73535
31.385	-3.86719
31.39	-3.91113
31.395	-4.04297
31.4	-4.04297
31.405	-4.08691
31.41	-4.1748
31.415	-4.21875
31.42	-4.2627
31.425	-4.30664
31.43	-4.35059
31.435	-4.39453
31.44	-4.43848
31.445	-4.48242
31.45	-4.52637
31.455	-4.61426
31.46	-4.6582
31.465	-4.70215
31.47	-4.79004
31.475	-4.83398
31.48	-4.96582
31.485	-4.96582
31.49	-5.00977
31.495	-5.09766
31.5	-5.1416
31.505	-5.1416
31.51	-5.22949
31.515	-5.27344
31.52	-5.27344
31.525	-5.36133
31.53	-5.40527
31.535	-5.49316
