Simulation Time - Reference	
	Elevation (deg) - Reference
	
0	-27.5
0	-27.5
0	-27.5
0	-27.5879
0	-27.5879
0	-27.5879
0	-27.5879
0	-27.5879
0	-27.5879
0	-27.5879
0	-27.5879
0	-27.5879
0	-27.6758
0	-27.6758
0	-27.6758
0	-27.6758
0	-27.6758
0	-27.6758
0	-27.6758
0	-27.7637
0	-27.7637
0	-27.7637
0	-27.7637
0	-27.7637
0	-27.7637
0	-27.7637
0	-27.8516
0	-27.8516
0	-27.8516
0	-27.8516
0	-27.8516
0	-27.8516
0	-27.8516
0	-27.8516
0	-27.9395
0	-27.9395
0	-27.9395
0	-27.9395
0	-27.9395
0	-27.9395
0	-27.9395
0	-28.0273
0	-28.0273
0	-28.0273
0	-28.0273
0	-28.0273
0	-28.0273
0	-28.1152
0	-28.1152
0	-28.1152
0	-28.1152
0	-28.1152
0	-28.1152
0	-28.1152
0	-28.2031
0	-28.2031
0	-28.2031
0	-28.2031
0	-28.2031
0	-28.2031
0	-28.2031
0	-28.291
0	-28.291
0	-28.291
0	-28.291
0	-28.291
0	-28.291
0	-28.291
0	-28.3789
0	-28.3789
0	-28.3789
0	-28.3789
0	-28.3789
0	-28.3789
0	-28.3789
0	-28.4668
0	-28.4668
0	-28.4668
0	-28.4668
0	-28.4668
0	-28.4668
0	-28.4668
0	-28.5547
0	-28.5547
0	-28.5547
0	-28.5547
0	-28.5547
0	-28.5547
0	-28.5547
0	-28.6426
0	-28.6426
0	-28.6426
0	-28.6426
0	-28.6426
0	-28.6426
0	-28.7305
0	-28.7305
0	-28.7305
0	-28.7305
0	-28.7305
0	-28.7305
1	-28.7305
1	-28.7305
1	-28.8184
1	-28.8184
1	-28.8184
1	-28.8184
1	-28.8184
1	-28.8184
1	-28.8184
1	-28.8184
1	-28.8184
1	-28.9062
1	-28.9062
1	-28.9062
1	-28.9062
1	-28.9062
1	-28.9062
1	-28.9062
1	-28.9062
1	-28.9062
1	-28.9062
1	-28.9062
1	-28.9062
1	-28.9062
1	-28.9062
1	-28.9062
1	-28.9941
1	-28.9941
1	-28.9941
1	-28.9941
1	-28.9941
1	-28.9941
1	-28.9941
1	-28.9941
1	-28.9941
1	-28.9941
1	-28.9941
1	-28.9941
1	-28.9941
1	-28.9941
1	-28.9941
1	-28.9941
1	-28.9941
1	-28.9941
1	-28.9941
1	-28.9941
1	-28.9941
1	-28.9941
1	-28.9941
1	-28.9941
1	-28.9941
1	-28.9941
1	-28.9941
1	-28.9941
1	-28.9941
1	-28.9941
1	-28.9941
1	-28.9941
1	-28.9941
1	-28.9941
1	-28.9941
1	-28.9941
1	-28.9941
1	-28.9941
1	-28.9941
1	-28.9941
1	-28.9941
1	-28.9941
1	-28.9941
1	-28.9941
1	-28.9941
1	-28.9941
1	-28.9941
1	-28.9941
1	-28.9941
1	-28.9941
1	-28.9941
1	-28.9062
1	-28.9062
1	-28.9062
1	-28.9062
1	-28.9062
1	-28.9062
1	-28.9062
1	-28.9062
1	-28.9062
1	-28.9062
1	-28.9062
1	-28.9062
1	-28.9062
1	-28.9062
1	-28.9062
1	-28.9062
1	-28.9062
1	-28.9062
1	-28.9062
1	-28.9062
1	-28.9062
1	-28.9062
1	-28.9062
1	-28.9062
1	-28.9062
1	-28.9062
1	-28.9062
1	-28.9062
1	-28.9062
1	-28.9062
1	-28.9062
1	-28.9062
1	-28.9062
1	-28.9062
1	-28.9062
1	-28.9062
1	-28.9062
1	-28.9062
1	-28.9062
1	-28.9062
1	-28.9062
1	-28.9062
1	-28.9062
1	-28.9062
1	-28.9062
1	-28.9062
1	-28.9062
1	-28.9062
1	-28.9062
1	-28.9062
1	-28.9062
1	-28.9062
1	-28.9062
1	-28.9062
1	-28.9062
1	-28.9062
1	-28.9062
1	-28.9062
1	-28.9062
1	-28.9062
1	-28.9062
1	-28.9062
1	-28.9062
1	-28.9062
1	-28.9062
1	-28.9062
1	-28.9062
1	-28.9062
1	-28.9062
1	-28.9062
1	-28.9062
1	-28.9062
1	-28.9062
1	-28.9062
1	-28.9062
1	-28.9062
1	-28.9062
1	-28.9062
1	-28.9062
1	-28.9062
1	-28.9062
1	-28.9062
1	-28.9062
1	-28.9062
1	-28.9062
1	-28.9062
1	-28.9062
1	-28.8184
1	-28.8184
1	-28.8184
1	-28.8184
1	-28.8184
1	-28.8184
1	-28.8184
1	-28.8184
1	-28.8184
1	-28.8184
1	-28.8184
1	-28.8184
1	-28.8184
1	-28.8184
1	-28.8184
1	-28.8184
1	-28.8184
1	-28.8184
1	-28.7305
1	-28.7305
1	-28.7305
1	-28.7305
1	-28.7305
1	-28.7305
1	-28.7305
1	-28.7305
1	-28.7305
1	-28.7305
1	-28.7305
1	-28.6426
1	-28.6426
1	-28.6426
1	-28.6426
1	-28.6426
1	-28.6426
2	-28.6426
2	-28.6426
2	-28.6426
2	-28.6426
2	-28.6426
2	-28.5547
2	-28.5547
2	-28.5547
2	-28.5547
2	-28.5547
2	-28.5547
2	-28.5547
2	-28.5547
2	-28.5547
2	-28.5547
2	-28.5547
2	-28.5547
2	-28.5547
2	-28.4668
2	-28.4668
2	-28.4668
2	-28.4668
2	-28.4668
2	-28.4668
2	-28.4668
2	-28.4668
2	-28.4668
2	-28.4668
2	-28.4668
2	-28.4668
2	-28.4668
2	-28.4668
2	-28.3789
2	-28.3789
2	-28.3789
2	-28.3789
2	-28.3789
2	-28.3789
2	-28.3789
2	-28.3789
2	-28.3789
2	-28.3789
2	-28.3789
2	-28.291
2	-28.291
2	-28.291
2	-28.291
2	-28.291
2	-28.291
2	-28.291
2	-28.291
2	-28.291
2	-28.291
2	-28.291
2	-28.291
2	-28.291
2	-28.291
2	-28.2031
2	-28.2031
2	-28.2031
2	-28.2031
2	-28.2031
2	-28.2031
2	-28.2031
2	-28.2031
2	-28.2031
2	-28.2031
2	-28.2031
2	-28.2031
2	-28.2031
2	-28.1152
2	-28.1152
2	-28.1152
2	-28.1152
2	-28.1152
2	-28.1152
2	-28.1152
2	-28.1152
2	-28.1152
2	-28.1152
2	-28.1152
2	-28.1152
2	-28.1152
2	-28.1152
2	-28.1152
2	-28.1152
2	-28.1152
2	-28.1152
2	-28.1152
2	-28.0273
2	-28.0273
2	-28.0273
2	-28.0273
2	-28.0273
2	-28.0273
2	-28.0273
2	-28.0273
2	-28.0273
2	-28.0273
2	-28.0273
2	-28.0273
2	-28.0273
2	-27.9395
2	-27.9395
2	-27.9395
2	-27.9395
2	-27.9395
2	-27.9395
2	-27.9395
2	-27.9395
2	-27.9395
2	-27.9395
2	-27.9395
2	-27.9395
2	-27.9395
2	-27.9395
2	-27.9395
2	-27.9395
2	-27.9395
2	-27.9395
2	-27.9395
2	-27.8516
2	-27.8516
2	-27.8516
2	-27.8516
2	-27.8516
2	-27.8516
2	-27.8516
2	-27.8516
2	-27.8516
2	-27.8516
2	-27.8516
2	-27.8516
2	-27.8516
2	-27.8516
2	-27.8516
2	-27.8516
2	-27.8516
2	-27.8516
2	-27.8516
2	-27.8516
2	-27.8516
2	-27.8516
2	-27.8516
2	-27.8516
2	-27.8516
2	-27.8516
2	-27.8516
2	-27.8516
2	-27.8516
2	-27.8516
2	-27.7637
2	-27.7637
2	-27.7637
2	-27.7637
2	-27.7637
2	-27.7637
2	-27.7637
2	-27.7637
2	-27.7637
2	-27.7637
2	-27.7637
2	-27.7637
2	-27.7637
2	-27.7637
2	-27.7637
2	-27.7637
2	-27.7637
2	-27.7637
2	-27.7637
2	-27.7637
2	-27.7637
2	-27.7637
2	-27.7637
2	-27.7637
2	-27.7637
2	-27.7637
2	-27.7637
2	-27.7637
2	-27.7637
2	-27.7637
2	-27.7637
2	-27.7637
2	-27.7637
2	-27.7637
2	-27.7637
2	-27.7637
2	-27.7637
2	-27.7637
2	-27.7637
2	-27.7637
2	-27.7637
2	-27.7637
2	-27.7637
2	-27.7637
2	-27.7637
2	-27.7637
2	-27.7637
2	-27.7637
2	-27.7637
2	-27.7637
3	-27.7637
3	-27.7637
3	-27.7637
3	-27.7637
3	-27.7637
3	-27.7637
3	-27.7637
3	-27.7637
3	-27.7637
3	-27.7637
3	-27.7637
3	-27.7637
3	-27.7637
3	-27.7637
3	-27.7637
3	-27.7637
3	-27.7637
3	-27.7637
3	-27.7637
3	-27.7637
3	-27.7637
3	-27.7637
3	-27.7637
3	-27.7637
3	-27.7637
3	-27.7637
3	-27.7637
3	-27.7637
3	-27.7637
3	-27.7637
3	-27.7637
3	-27.7637
3	-27.7637
3	-27.7637
3	-27.7637
3	-27.7637
3	-27.7637
3	-27.7637
3	-27.7637
3	-27.7637
3	-27.7637
3	-27.7637
3	-27.7637
3	-27.7637
3	-27.7637
3	-27.7637
3	-27.7637
3	-27.7637
3	-27.7637
3	-27.7637
3	-27.7637
3	-27.7637
3	-27.8516
3	-27.8516
3	-27.8516
3	-27.8516
3	-27.8516
3	-27.8516
3	-27.8516
3	-27.8516
3	-27.8516
3	-27.8516
3	-27.8516
3	-27.8516
3	-27.8516
3	-27.8516
3	-27.8516
3	-27.8516
3	-27.8516
3	-27.8516
3	-27.8516
3	-27.8516
3	-27.8516
3	-27.8516
3	-27.8516
3	-27.8516
3	-27.8516
3	-27.8516
3	-27.9395
3	-27.9395
3	-27.9395
3	-27.9395
3	-27.9395
3	-27.9395
3	-27.9395
3	-27.9395
3	-27.9395
3	-27.9395
3	-27.9395
3	-27.9395
3	-27.9395
3	-27.9395
3	-27.9395
3	-27.9395
3	-27.9395
3	-27.9395
3	-28.0273
3	-28.0273
3	-28.0273
3	-28.0273
3	-28.0273
3	-28.0273
3	-28.0273
3	-28.0273
3	-28.0273
3	-28.0273
3	-28.0273
3	-28.0273
3	-28.0273
3	-28.0273
3	-28.0273
3	-28.0273
3	-28.0273
3	-28.1152
3	-28.1152
3	-28.1152
3	-28.1152
3	-28.1152
3	-28.1152
3	-28.1152
3	-28.1152
3	-28.1152
3	-28.1152
3	-28.1152
3	-28.1152
3	-28.1152
3	-28.1152
3	-28.2031
3	-28.2031
3	-28.2031
3	-28.2031
3	-28.2031
3	-28.2031
3	-28.2031
3	-28.2031
3	-28.2031
3	-28.2031
3	-28.2031
3	-28.2031
3	-28.2031
3	-28.291
3	-28.291
3	-28.291
3	-28.291
3	-28.291
3	-28.291
3	-28.291
3	-28.291
3	-28.291
3	-28.291
3	-28.291
3	-28.291
3	-28.291
3	-28.3789
3	-28.3789
3	-28.3789
3	-28.3789
3	-28.3789
3	-28.3789
3	-28.3789
3	-28.3789
3	-28.3789
3	-28.3789
3	-28.3789
3	-28.4668
3	-28.4668
3	-28.4668
3	-28.4668
3	-28.4668
3	-28.4668
3	-28.4668
3	-28.4668
3	-28.4668
3	-28.4668
3	-28.4668
3	-28.4668
3	-28.5547
3	-28.5547
3	-28.5547
3	-28.5547
3	-28.5547
3	-28.5547
3	-28.5547
3	-28.5547
3	-28.5547
3	-28.5547
3	-28.5547
3	-28.6426
3	-28.6426
3	-28.6426
3	-28.6426
3	-28.6426
3	-28.6426
3	-28.6426
3	-28.6426
3	-28.6426
3	-28.6426
3	-28.7305
3	-28.7305
4	-28.7305
4	-28.7305
4	-28.7305
4	-28.7305
4	-28.7305
4	-28.7305
4	-28.7305
4	-28.7305
4	-28.8184
4	-28.8184
4	-28.8184
4	-28.8184
4	-28.8184
4	-28.8184
4	-28.8184
4	-28.8184
4	-28.8184
4	-28.8184
4	-28.9062
4	-28.9062
4	-28.9062
4	-28.9062
4	-28.9062
4	-28.9062
4	-28.9062
4	-28.9062
4	-28.9062
4	-28.9062
4	-28.9062
4	-28.9941
4	-28.9941
4	-28.9941
4	-28.9941
4	-28.9941
4	-28.9941
4	-28.9941
4	-28.9941
4	-28.9941
4	-28.9941
4	-28.9941
4	-28.9941
4	-29.082
4	-29.082
4	-29.082
4	-29.082
4	-29.082
4	-29.082
4	-29.082
4	-29.082
4	-29.082
4	-29.082
4	-29.082
4	-29.1699
4	-29.1699
4	-29.1699
4	-29.1699
4	-29.1699
4	-29.1699
4	-29.1699
4	-29.1699
4	-29.1699
4	-29.1699
4	-29.1699
4	-29.1699
4	-29.1699
4	-29.1699
4	-29.1699
4	-29.1699
4	-29.1699
4	-29.2578
4	-29.2578
4	-29.2578
4	-29.2578
4	-29.2578
4	-29.2578
4	-29.2578
4	-29.2578
4	-29.2578
4	-29.2578
4	-29.2578
4	-29.2578
4	-29.2578
4	-29.2578
4	-29.2578
4	-29.2578
4	-29.3457
4	-29.3457
4	-29.3457
4	-29.3457
4	-29.3457
4	-29.3457
4	-29.3457
4	-29.3457
4	-29.3457
4	-29.3457
4	-29.3457
4	-29.3457
4	-29.3457
4	-29.3457
4	-29.3457
4	-29.3457
4	-29.4336
4	-29.4336
4	-29.4336
4	-29.4336
4	-29.4336
4	-29.4336
4	-29.4336
4	-29.4336
4	-29.4336
4	-29.4336
4	-29.4336
4	-29.4336
4	-29.4336
4	-29.4336
4	-29.4336
4	-29.4336
4	-29.4336
4	-29.5215
4	-29.5215
4	-29.5215
4	-29.5215
4	-29.5215
4	-29.5215
4	-29.5215
4	-29.5215
4	-29.5215
4	-29.5215
4	-29.5215
4	-29.5215
4	-29.5215
4	-29.5215
4	-29.5215
4	-29.6094
4	-29.6094
4	-29.6094
4	-29.6094
4	-29.6094
4	-29.6094
4	-29.6094
4	-29.6094
4	-29.6094
4	-29.6094
4	-29.6094
4	-29.6094
4	-29.6094
4	-29.6094
4	-29.6094
4	-29.6094
4	-29.6094
4	-29.6094
4	-29.6973
4	-29.6973
4	-29.6973
4	-29.6973
4	-29.6973
4	-29.6973
4	-29.6973
4	-29.6973
4	-29.6973
4	-29.6973
4	-29.6973
4	-29.6973
4	-29.6973
4	-29.6973
4	-29.6973
4	-29.6973
4	-29.6973
4	-29.6973
4	-29.6973
4	-29.6973
4	-29.7852
4	-29.7852
4	-29.7852
4	-29.7852
4	-29.7852
4	-29.7852
4	-29.7852
4	-29.7852
4	-29.7852
4	-29.7852
4	-29.7852
4	-29.7852
4	-29.7852
4	-29.7852
4	-29.7852
4	-29.7852
4	-29.7852
4	-29.7852
4	-29.873
4	-29.873
4	-29.873
4	-29.873
4	-29.873
4	-29.873
4	-29.873
4	-29.873
4	-29.873
4	-29.873
4	-29.873
4	-29.873
5	-29.873
5	-29.873
5	-29.873
5	-29.873
5	-29.873
5	-29.873
5	-29.873
5	-29.873
5	-29.873
5	-29.873
5	-29.873
5	-29.873
5	-29.9609
5	-29.9609
5	-29.9609
5	-29.9609
5	-29.9609
5	-29.9609
5	-29.9609
5	-29.9609
5	-29.9609
5	-29.9609
5	-29.9609
5	-29.9609
5	-29.9609
5	-29.9609
5	-29.9609
5	-29.9609
5	-29.9609
5	-29.9609
5	-29.9609
5	-29.9609
5	-29.9609
5	-29.9609
5	-29.9609
5	-29.9609
5	-29.9609
5	-29.9609
5	-29.9609
5	-29.9609
5	-29.9609
5	-29.9609
5	-29.9609
5	-30.0488
5	-30.0488
5	-30.0488
5	-30.0488
5	-30.0488
5	-30.0488
5	-30.0488
5	-30.0488
5	-30.0488
5	-30.0488
5	-30.0488
5	-30.0488
5	-30.0488
5	-30.0488
5	-30.0488
5	-30.0488
5	-30.0488
5	-30.0488
5	-30.0488
5	-30.0488
5	-30.0488
5	-30.0488
5	-30.0488
5	-30.0488
5	-30.0488
5	-30.0488
5	-30.0488
5	-30.0488
5	-30.0488
5	-30.0488
5	-30.0488
5	-30.0488
5	-30.0488
5	-30.0488
5	-30.0488
5	-30.0488
5	-30.0488
5	-30.0488
5	-30.0488
5	-30.0488
5	-30.0488
5	-30.0488
5	-30.0488
5	-30.0488
5	-30.1367
5	-30.1367
5	-30.1367
5	-30.1367
5	-30.1367
5	-30.1367
5	-30.1367
5	-30.1367
5	-30.1367
5	-30.1367
5	-30.1367
5	-30.1367
5	-30.1367
5	-30.1367
5	-30.1367
5	-30.1367
5	-30.1367
5	-30.1367
5	-30.1367
5	-30.1367
5	-30.1367
5	-30.1367
5	-30.1367
5	-30.1367
5	-30.1367
5	-30.1367
5	-30.1367
5	-30.1367
5	-30.1367
5	-30.1367
5	-30.1367
5	-30.1367
5	-30.1367
5	-30.1367
5	-30.1367
5	-30.1367
5	-30.1367
5	-30.1367
5	-30.1367
5	-30.1367
5	-30.1367
5	-30.1367
5	-30.1367
5	-30.1367
5	-30.1367
5	-30.1367
5	-30.1367
5	-30.1367
5	-30.1367
5	-30.1367
5	-30.1367
5	-30.1367
5	-30.1367
5	-30.1367
5	-30.1367
5	-30.1367
5	-30.1367
5	-30.1367
5	-30.1367
5	-30.1367
5	-30.1367
5	-30.1367
5	-30.1367
5	-30.1367
5	-30.1367
5	-30.1367
5	-30.1367
5	-30.1367
5	-30.1367
5	-30.1367
5	-30.1367
5	-30.1367
5	-30.1367
5	-30.1367
5	-30.1367
5	-30.1367
5	-30.1367
5	-30.1367
5	-30.1367
5	-30.1367
5	-30.1367
5	-30.1367
5	-30.1367
5	-30.1367
5	-30.1367
5	-30.1367
5	-30.1367
5	-30.1367
5	-30.1367
5	-30.1367
5	-30.1367
5	-30.1367
5	-30.1367
5	-30.1367
5	-30.1367
5	-30.0488
5	-30.0488
5	-30.0488
5	-30.0488
5	-30.0488
5	-30.0488
5	-30.0488
5	-30.0488
5	-30.0488
5	-30.0488
5	-30.0488
5	-30.0488
5	-30.0488
5	-30.0488
5	-30.0488
5	-30.0488
5	-30.0488
6	-30.0488
6	-30.0488
6	-30.0488
6	-30.0488
6	-30.0488
6	-30.0488
6	-30.0488
6	-30.0488
6	-30.0488
6	-30.0488
6	-30.0488
6	-30.0488
6	-30.0488
6	-30.0488
6	-30.0488
6	-30.0488
6	-30.0488
6	-30.0488
6	-30.0488
6	-30.0488
6	-30.0488
6	-30.0488
6	-30.0488
6	-30.0488
6	-30.0488
6	-30.0488
6	-29.9609
6	-29.9609
6	-29.9609
6	-29.9609
6	-29.9609
6	-29.9609
6	-29.9609
6	-29.9609
6	-29.9609
6	-29.9609
6	-29.9609
6	-29.9609
6	-29.9609
6	-29.9609
6	-29.9609
6	-29.9609
6	-29.9609
6	-29.9609
6	-29.9609
6	-29.9609
6	-29.9609
6	-29.9609
6	-29.9609
6	-29.9609
6	-29.9609
6	-29.9609
6	-29.9609
6	-29.873
6	-29.873
6	-29.873
6	-29.873
6	-29.873
6	-29.873
6	-29.873
6	-29.873
6	-29.873
6	-29.873
6	-29.873
6	-29.873
6	-29.873
6	-29.873
6	-29.873
6	-29.873
6	-29.873
6	-29.873
6	-29.873
6	-29.873
6	-29.873
6	-29.873
6	-29.873
6	-29.873
6	-29.7852
6	-29.7852
6	-29.7852
6	-29.7852
6	-29.7852
6	-29.7852
6	-29.7852
6	-29.7852
6	-29.7852
6	-29.7852
6	-29.7852
6	-29.7852
6	-29.7852
6	-29.7852
6	-29.7852
6	-29.7852
6	-29.7852
6	-29.7852
6	-29.7852
6	-29.6973
6	-29.6973
6	-29.6973
6	-29.6973
6	-29.6973
6	-29.6973
6	-29.6973
6	-29.6973
6	-29.6973
6	-29.6973
6	-29.6973
6	-29.6973
6	-29.6973
6	-29.6973
6	-29.6973
6	-29.6973
6	-29.6973
6	-29.6973
6	-29.6973
6	-29.6973
6	-29.6973
6	-29.6094
6	-29.6094
6	-29.6094
6	-29.6094
6	-29.6094
6	-29.6094
6	-29.6094
6	-29.6094
6	-29.6094
6	-29.6094
6	-29.6094
6	-29.6094
6	-29.6094
6	-29.6094
6	-29.6094
6	-29.6094
6	-29.6094
6	-29.6094
6	-29.6094
6	-29.6094
6	-29.5215
6	-29.5215
6	-29.5215
6	-29.5215
6	-29.5215
6	-29.5215
6	-29.5215
6	-29.5215
6	-29.5215
6	-29.5215
6	-29.5215
6	-29.5215
6	-29.5215
6	-29.5215
6	-29.5215
6	-29.5215
6	-29.5215
6	-29.5215
6	-29.4336
6	-29.4336
6	-29.4336
6	-29.4336
6	-29.4336
6	-29.4336
6	-29.4336
6	-29.4336
6	-29.4336
6	-29.4336
6	-29.4336
6	-29.4336
6	-29.4336
6	-29.4336
6	-29.4336
6	-29.3457
6	-29.3457
6	-29.3457
6	-29.3457
6	-29.3457
6	-29.3457
6	-29.3457
6	-29.3457
6	-29.3457
6	-29.3457
6	-29.3457
6	-29.3457
6	-29.3457
6	-29.3457
6	-29.3457
6	-29.3457
6	-29.3457
6	-29.3457
6	-29.2578
6	-29.2578
6	-29.2578
6	-29.2578
6	-29.2578
6	-29.2578
6	-29.2578
6	-29.2578
6	-29.2578
6	-29.2578
6	-29.2578
6	-29.2578
6	-29.2578
7	-29.2578
7	-29.2578
7	-29.2578
7	-29.2578
7	-29.2578
7	-29.1699
7	-29.1699
7	-29.1699
7	-29.1699
7	-29.1699
7	-29.1699
7	-29.1699
7	-29.1699
7	-29.1699
7	-29.1699
7	-29.1699
7	-29.1699
7	-29.1699
7	-29.1699
7	-29.1699
7	-29.1699
7	-29.1699
7	-29.1699
7	-29.082
7	-29.082
7	-29.082
7	-29.082
7	-29.082
7	-29.082
7	-29.082
7	-29.082
7	-29.082
7	-29.082
7	-29.082
7	-29.082
7	-29.082
7	-29.082
7	-29.082
7	-28.9941
7	-28.9941
7	-28.9941
7	-28.9941
7	-28.9941
7	-28.9941
7	-28.9941
7	-28.9941
7	-28.9941
7	-28.9941
7	-28.9941
7	-28.9941
7	-28.9941
7	-28.9941
7	-28.9941
7	-28.9941
7	-28.9941
7	-28.9941
7	-28.9941
7	-28.9062
7	-28.9062
7	-28.9062
7	-28.9062
7	-28.9062
7	-28.9062
7	-28.9062
7	-28.9062
7	-28.9062
7	-28.9062
7	-28.9062
7	-28.9062
7	-28.9062
7	-28.9062
7	-28.9062
7	-28.9062
7	-28.9062
7	-28.9062
7	-28.9062
7	-28.9062
7	-28.9062
7	-28.9062
7	-28.8184
7	-28.8184
7	-28.8184
7	-28.8184
7	-28.8184
7	-28.8184
7	-28.8184
7	-28.8184
7	-28.8184
7	-28.8184
7	-28.8184
7	-28.8184
7	-28.8184
7	-28.8184
7	-28.8184
7	-28.8184
7	-28.8184
7	-28.8184
7	-28.8184
7	-28.8184
7	-28.7305
7	-28.7305
7	-28.7305
7	-28.7305
7	-28.7305
7	-28.7305
7	-28.7305
7	-28.7305
7	-28.7305
7	-28.7305
7	-28.7305
7	-28.7305
7	-28.7305
7	-28.7305
7	-28.7305
7	-28.7305
7	-28.7305
7	-28.7305
7	-28.7305
7	-28.7305
7	-28.7305
7	-28.7305
7	-28.7305
7	-28.7305
7	-28.6426
7	-28.6426
7	-28.6426
7	-28.6426
7	-28.6426
7	-28.6426
7	-28.6426
7	-28.6426
7	-28.6426
7	-28.6426
7	-28.6426
7	-28.6426
7	-28.6426
7	-28.6426
7	-28.6426
7	-28.6426
7	-28.6426
7	-28.6426
7	-28.6426
7	-28.6426
7	-28.6426
7	-28.6426
7	-28.6426
7	-28.6426
7	-28.6426
7	-28.6426
7	-28.6426
7	-28.6426
7	-28.5547
7	-28.5547
7	-28.5547
7	-28.5547
7	-28.5547
7	-28.5547
7	-28.5547
7	-28.5547
7	-28.5547
7	-28.5547
7	-28.5547
7	-28.5547
7	-28.5547
7	-28.5547
7	-28.5547
7	-28.5547
7	-28.5547
7	-28.5547
7	-28.5547
7	-28.5547
7	-28.5547
7	-28.5547
7	-28.5547
7	-28.5547
7	-28.5547
7	-28.5547
7	-28.5547
7	-28.5547
7	-28.5547
7	-28.5547
7	-28.5547
7	-28.5547
7	-28.5547
7	-28.5547
7	-28.5547
7	-28.5547
7	-28.5547
7	-28.5547
7	-28.5547
7	-28.5547
7	-28.5547
7	-28.5547
7	-28.5547
7	-28.5547
7	-28.5547
7	-28.5547
7	-28.5547
7	-28.5547
8	-28.5547
8	-28.5547
8	-28.5547
8	-28.5547
8	-28.4668
8	-28.4668
8	-28.4668
8	-28.4668
8	-28.4668
8	-28.4668
8	-28.4668
8	-28.4668
8	-28.4668
8	-28.4668
8	-28.4668
8	-28.4668
8	-28.4668
8	-28.4668
8	-28.4668
8	-28.4668
8	-28.4668
8	-28.4668
8	-28.4668
8	-28.4668
8	-28.4668
8	-28.4668
8	-28.4668
8	-28.4668
8	-28.4668
8	-28.4668
8	-28.4668
8	-28.4668
8	-28.4668
8	-28.4668
8	-28.4668
8	-28.4668
8	-28.4668
8	-28.4668
8	-28.4668
8	-28.4668
8	-28.4668
8	-28.4668
8	-28.4668
8	-28.4668
8	-28.4668
8	-28.4668
8	-28.4668
8	-28.4668
8	-28.4668
8	-28.4668
8	-28.4668
8	-28.4668
8	-28.4668
8	-28.4668
8	-28.4668
8	-28.4668
8	-28.4668
8	-28.4668
8	-28.4668
8	-28.4668
8	-28.4668
8	-28.4668
8	-28.4668
8	-28.4668
8	-28.4668
8	-28.4668
8	-28.4668
8	-28.4668
8	-28.4668
8	-28.4668
8	-28.4668
8	-28.4668
8	-28.4668
8	-28.4668
8	-28.4668
8	-28.4668
8	-28.4668
8	-28.5547
8	-28.5547
8	-28.5547
8	-28.5547
8	-28.5547
8	-28.5547
8	-28.5547
8	-28.5547
8	-28.5547
8	-28.5547
8	-28.5547
8	-28.5547
8	-28.5547
8	-28.5547
8	-28.5547
8	-28.5547
8	-28.5547
8	-28.5547
8	-28.5547
8	-28.5547
8	-28.5547
8	-28.5547
8	-28.5547
8	-28.5547
8	-28.5547
8	-28.5547
8	-28.5547
8	-28.5547
8	-28.5547
8	-28.5547
8	-28.5547
8	-28.5547
8	-28.5547
8	-28.5547
8	-28.5547
8	-28.5547
8	-28.5547
8	-28.5547
8	-28.5547
8	-28.5547
8	-28.5547
8	-28.5547
8	-28.5547
8	-28.5547
8	-28.5547
8	-28.5547
8	-28.5547
8	-28.5547
8	-28.6426
8	-28.6426
8	-28.6426
8	-28.6426
8	-28.6426
8	-28.6426
8	-28.6426
8	-28.6426
8	-28.6426
8	-28.6426
8	-28.6426
8	-28.6426
8	-28.6426
8	-28.6426
8	-28.6426
8	-28.6426
8	-28.6426
8	-28.6426
8	-28.6426
8	-28.6426
8	-28.6426
8	-28.6426
8	-28.6426
8	-28.6426
8	-28.6426
8	-28.6426
8	-28.7305
8	-28.7305
8	-28.7305
8	-28.7305
8	-28.7305
8	-28.7305
8	-28.7305
8	-28.7305
8	-28.7305
8	-28.7305
8	-28.7305
8	-28.7305
8	-28.7305
8	-28.7305
8	-28.7305
8	-28.7305
8	-28.7305
8	-28.7305
8	-28.7305
8	-28.7305
8	-28.8184
8	-28.8184
8	-28.8184
8	-28.8184
8	-28.8184
8	-28.8184
8	-28.8184
8	-28.8184
8	-28.8184
8	-28.8184
8	-28.8184
8	-28.8184
8	-28.8184
8	-28.8184
8	-28.8184
8	-28.8184
8	-28.8184
8	-28.8184
8	-28.8184
8	-28.8184
8	-28.8184
8	-28.8184
8	-28.8184
8	-28.9062
8	-28.9062
8	-28.9062
8	-28.9062
8	-28.9062
8	-28.9062
8	-28.9062
9	-28.9062
9	-28.9062
9	-28.9062
9	-28.9062
9	-28.9062
9	-28.9062
9	-28.9062
9	-28.9062
9	-28.9062
9	-28.9062
9	-28.9062
9	-28.9062
9	-28.9941
9	-28.9941
9	-28.9941
9	-28.9941
9	-28.9941
9	-28.9941
9	-28.9941
9	-28.9941
9	-28.9941
9	-28.9941
9	-28.9941
9	-28.9941
9	-28.9941
9	-28.9941
9	-28.9941
9	-28.9941
9	-28.9941
9	-28.9941
9	-28.9941
9	-29.082
9	-29.082
9	-29.082
9	-29.082
9	-29.082
9	-29.082
9	-29.082
9	-29.082
9	-29.082
9	-29.082
9	-29.082
9	-29.082
9	-29.082
9	-29.082
9	-29.082
9	-29.082
9	-29.1699
9	-29.1699
9	-29.1699
9	-29.1699
9	-29.1699
9	-29.1699
9	-29.1699
9	-29.1699
9	-29.1699
9	-29.1699
9	-29.1699
9	-29.1699
9	-29.1699
9	-29.1699
9	-29.1699
9	-29.1699
9	-29.1699
9	-29.1699
9	-29.1699
9	-29.2578
9	-29.2578
9	-29.2578
9	-29.2578
9	-29.2578
9	-29.2578
9	-29.2578
9	-29.2578
9	-29.2578
9	-29.2578
9	-29.2578
9	-29.2578
9	-29.2578
9	-29.2578
9	-29.2578
9	-29.2578
9	-29.2578
9	-29.2578
9	-29.3457
9	-29.3457
9	-29.3457
9	-29.3457
9	-29.3457
9	-29.3457
9	-29.3457
9	-29.3457
9	-29.3457
9	-29.3457
9	-29.3457
9	-29.3457
9	-29.3457
9	-29.3457
9	-29.3457
9	-29.3457
9	-29.3457
9	-29.3457
9	-29.4336
9	-29.4336
9	-29.4336
9	-29.4336
9	-29.4336
9	-29.4336
9	-29.4336
9	-29.4336
9	-29.4336
9	-29.4336
9	-29.4336
9	-29.4336
9	-29.4336
9	-29.4336
9	-29.4336
9	-29.5215
9	-29.5215
9	-29.5215
9	-29.5215
9	-29.5215
9	-29.5215
9	-29.5215
9	-29.5215
9	-29.5215
9	-29.5215
9	-29.5215
9	-29.5215
9	-29.5215
9	-29.5215
9	-29.5215
9	-29.5215
9	-29.5215
9	-29.5215
9	-29.5215
9	-29.6094
9	-29.6094
9	-29.6094
9	-29.6094
9	-29.6094
9	-29.6094
9	-29.6094
9	-29.6094
9	-29.6094
9	-29.6094
9	-29.6094
9	-29.6094
9	-29.6094
9	-29.6094
9	-29.6094
9	-29.6094
9	-29.6094
9	-29.6094
9	-29.6094
9	-29.6094
9	-29.6094
9	-29.6094
9	-29.6094
9	-29.6973
9	-29.6973
9	-29.6973
9	-29.6973
9	-29.6973
9	-29.6973
9	-29.6973
9	-29.6973
9	-29.6973
9	-29.6973
9	-29.6973
9	-29.6973
9	-29.6973
9	-29.6973
9	-29.6973
9	-29.6973
9	-29.6973
9	-29.6973
9	-29.6973
9	-29.6973
9	-29.7852
9	-29.7852
9	-29.7852
9	-29.7852
9	-29.7852
9	-29.7852
9	-29.7852
9	-29.7852
9	-29.7852
9	-29.7852
9	-29.7852
9	-29.7852
9	-29.7852
9	-29.7852
9	-29.7852
9	-29.7852
9	-29.7852
9	-29.7852
9	-29.7852
9	-29.7852
10	-29.7852
10	-29.7852
10	-29.7852
10	-29.7852
10	-29.873
10	-29.873
10	-29.873
10	-29.873
10	-29.873
10	-29.873
10	-29.873
10	-29.873
10	-29.873
10	-29.873
10	-29.873
10	-29.873
10	-29.873
10	-29.873
10	-29.873
10	-29.873
10	-29.873
10	-29.873
10	-29.873
10	-29.873
10	-29.873
10	-29.873
10	-29.873
10	-29.873
10	-29.873
10	-29.873
10	-29.873
10	-29.873
10	-29.873
10	-29.873
10	-29.873
10	-29.9609
10	-29.9609
10	-29.9609
10	-29.9609
10	-29.9609
10	-29.9609
10	-29.9609
10	-29.9609
10	-29.9609
10	-29.9609
10	-29.9609
10	-29.9609
10	-29.9609
10	-29.9609
10	-29.9609
10	-29.9609
10	-29.9609
10	-29.9609
10	-29.9609
10	-29.9609
10	-29.9609
10	-29.9609
10	-29.9609
10	-29.9609
10	-29.9609
10	-29.9609
10	-29.9609
10	-29.9609
10	-29.9609
10	-29.9609
10	-29.9609
10	-29.9609
10	-29.9609
10	-29.9609
10	-29.9609
10	-29.9609
10	-29.9609
10	-29.9609
10	-29.9609
10	-29.9609
10	-29.9609
10	-29.9609
10	-29.9609
10	-29.9609
10	-29.9609
10	-30.0488
10	-30.0488
10	-30.0488
10	-30.0488
10	-30.0488
10	-30.0488
10	-30.0488
10	-30.0488
10	-30.0488
10	-30.0488
10	-30.0488
10	-30.0488
10	-30.0488
10	-30.0488
10	-30.0488
10	-30.0488
10	-30.0488
10	-30.0488
10	-30.0488
10	-30.0488
10	-30.0488
10	-30.0488
10	-30.0488
10	-30.0488
10	-30.0488
10	-30.0488
10	-30.0488
10	-30.0488
10	-30.0488
10	-30.0488
10	-30.0488
10	-30.0488
10	-30.0488
10	-30.0488
10	-30.0488
10	-30.0488
10	-30.0488
10	-30.0488
10	-30.0488
10	-30.0488
10	-30.0488
10	-30.0488
10	-30.0488
10	-30.0488
10	-30.0488
10	-30.0488
10	-30.0488
10	-30.0488
10	-30.0488
10	-30.0488
10	-30.0488
10	-30.0488
10	-30.0488
10	-30.0488
10	-30.0488
10	-30.0488
10	-30.0488
10	-30.0488
10	-30.0488
10	-30.0488
10	-30.0488
10	-30.0488
10	-30.0488
10	-30.0488
10	-30.0488
10	-30.0488
10	-30.0488
10	-30.0488
10	-30.0488
10	-30.0488
10	-30.0488
10	-30.0488
10	-30.0488
10	-30.0488
10	-30.0488
10	-30.0488
10	-30.0488
10	-30.0488
10	-30.0488
10	-30.0488
10	-30.0488
10	-30.0488
10	-30.0488
10	-30.0488
10	-30.0488
10	-30.0488
10	-30.0488
10	-30.0488
10	-30.0488
10	-30.0488
10	-30.0488
10	-30.0488
10	-30.0488
10	-30.0488
10	-30.0488
10	-30.0488
10	-30.0488
10	-30.0488
10	-30.0488
10	-30.0488
10	-30.0488
10	-29.9609
10	-29.9609
10	-29.9609
10	-29.9609
10	-29.9609
10	-29.9609
10	-29.9609
10	-29.9609
10	-29.9609
10	-29.9609
10	-29.9609
10	-29.9609
10	-29.9609
10	-29.9609
10	-29.9609
10	-29.9609
10	-29.9609
10	-29.9609
10	-29.9609
10	-29.9609
11	-29.9609
11	-29.9609
11	-29.9609
11	-29.9609
11	-29.9609
11	-29.9609
11	-29.9609
11	-29.9609
11	-29.9609
11	-29.9609
11	-29.9609
11	-29.9609
11	-29.9609
11	-29.9609
11	-29.9609
11	-29.9609
11	-29.9609
11	-29.9609
11	-29.9609
11	-29.9609
11	-29.9609
11	-29.9609
11	-29.9609
11	-29.873
11	-29.873
11	-29.873
11	-29.873
11	-29.873
11	-29.873
11	-29.873
11	-29.873
11	-29.873
11	-29.873
11	-29.873
11	-29.873
11	-29.873
11	-29.873
11	-29.873
11	-29.873
11	-29.873
11	-29.873
11	-29.873
11	-29.873
11	-29.873
11	-29.873
11	-29.873
11	-29.873
11	-29.873
11	-29.873
11	-29.7852
11	-29.7852
11	-29.7852
11	-29.7852
11	-29.7852
11	-29.7852
11	-29.7852
11	-29.7852
11	-29.7852
11	-29.7852
11	-29.7852
11	-29.7852
11	-29.7852
11	-29.7852
11	-29.7852
11	-29.7852
11	-29.7852
11	-29.7852
11	-29.7852
11	-29.7852
11	-29.7852
11	-29.7852
11	-29.7852
11	-29.7852
11	-29.6973
11	-29.6973
11	-29.6973
11	-29.6973
11	-29.6973
11	-29.6973
11	-29.6973
11	-29.6973
11	-29.6973
11	-29.6973
11	-29.6973
11	-29.6973
11	-29.6973
11	-29.6973
11	-29.6973
11	-29.6973
11	-29.6973
11	-29.6973
11	-29.6973
11	-29.6973
11	-29.6973
11	-29.6094
11	-29.6094
11	-29.6094
11	-29.6094
11	-29.6094
11	-29.6094
11	-29.6094
11	-29.6094
11	-29.6094
11	-29.6094
11	-29.6094
11	-29.6094
11	-29.6094
11	-29.6094
11	-29.6094
11	-29.6094
11	-29.6094
11	-29.6094
11	-29.6094
11	-29.6094
11	-29.6094
11	-29.6094
11	-29.5215
11	-29.5215
11	-29.5215
11	-29.5215
11	-29.5215
11	-29.5215
11	-29.5215
11	-29.5215
11	-29.5215
11	-29.5215
11	-29.5215
11	-29.5215
11	-29.5215
11	-29.5215
11	-29.5215
11	-29.5215
11	-29.5215
11	-29.5215
11	-29.5215
11	-29.4336
11	-29.4336
11	-29.4336
11	-29.4336
11	-29.4336
11	-29.4336
11	-29.4336
11	-29.4336
11	-29.4336
11	-29.4336
11	-29.4336
11	-29.4336
11	-29.4336
11	-29.4336
11	-29.4336
11	-29.4336
11	-29.4336
11	-29.3457
11	-29.3457
11	-29.3457
11	-29.3457
11	-29.3457
11	-29.3457
11	-29.3457
11	-29.3457
11	-29.3457
11	-29.3457
11	-29.3457
11	-29.3457
11	-29.3457
11	-29.3457
11	-29.3457
11	-29.3457
11	-29.3457
11	-29.3457
11	-29.3457
11	-29.2578
11	-29.2578
11	-29.2578
11	-29.2578
11	-29.2578
11	-29.2578
11	-29.2578
11	-29.2578
11	-29.2578
11	-29.2578
11	-29.2578
11	-29.2578
11	-29.2578
11	-29.2578
11	-29.2578
11	-29.2578
11	-29.2578
11	-29.2578
11	-29.2578
11	-29.1699
11	-29.1699
11	-29.1699
11	-29.1699
11	-29.1699
11	-29.1699
11	-29.1699
11	-29.1699
11	-29.1699
12	-29.1699
12	-29.1699
12	-29.1699
12	-29.1699
12	-29.1699
12	-29.1699
12	-29.1699
12	-29.1699
12	-29.1699
12	-29.1699
12	-29.082
12	-29.082
12	-29.082
12	-29.082
12	-29.082
12	-29.082
12	-29.082
12	-29.082
12	-29.082
12	-29.082
12	-29.082
12	-29.082
12	-29.082
12	-29.082
12	-29.082
12	-29.082
12	-29.082
12	-29.082
12	-28.9941
12	-28.9941
12	-28.9941
12	-28.9941
12	-28.9941
12	-28.9941
12	-28.9941
12	-28.9941
12	-28.9941
12	-28.9941
12	-28.9941
12	-28.9941
12	-28.9941
12	-28.9941
12	-28.9941
12	-28.9941
12	-28.9941
12	-28.9941
12	-28.9941
12	-28.9941
12	-28.9062
12	-28.9062
12	-28.9062
12	-28.9062
12	-28.9062
12	-28.9062
12	-28.9062
12	-28.9062
12	-28.9062
12	-28.9062
12	-28.9062
12	-28.9062
12	-28.9062
12	-28.9062
12	-28.9062
12	-28.9062
12	-28.9062
12	-28.9062
12	-28.9062
12	-28.9062
12	-28.9062
12	-28.9062
12	-28.9062
12	-28.9062
12	-28.8184
12	-28.8184
12	-28.8184
12	-28.8184
12	-28.8184
12	-28.8184
12	-28.8184
12	-28.8184
12	-28.8184
12	-28.8184
12	-28.8184
12	-28.8184
12	-28.8184
12	-28.8184
12	-28.8184
12	-28.8184
12	-28.8184
12	-28.8184
12	-28.8184
12	-28.8184
12	-28.8184
12	-28.8184
12	-28.8184
12	-28.8184
12	-28.8184
12	-28.7305
12	-28.7305
12	-28.7305
12	-28.7305
12	-28.7305
12	-28.7305
12	-28.7305
12	-28.7305
12	-28.7305
12	-28.7305
12	-28.7305
12	-28.7305
12	-28.7305
12	-28.7305
12	-28.7305
12	-28.7305
12	-28.7305
12	-28.7305
12	-28.7305
12	-28.7305
12	-28.7305
12	-28.6426
12	-28.6426
12	-28.6426
12	-28.6426
12	-28.6426
12	-28.6426
12	-28.6426
12	-28.6426
12	-28.6426
12	-28.6426
12	-28.6426
12	-28.6426
12	-28.6426
12	-28.6426
12	-28.6426
12	-28.6426
12	-28.6426
12	-28.6426
12	-28.6426
12	-28.6426
12	-28.6426
12	-28.6426
12	-28.6426
12	-28.6426
12	-28.6426
12	-28.6426
12	-28.6426
12	-28.6426
12	-28.6426
12	-28.6426
12	-28.6426
12	-28.6426
12	-28.6426
12	-28.6426
12	-28.6426
12	-28.5547
12	-28.5547
12	-28.5547
12	-28.5547
12	-28.5547
12	-28.5547
12	-28.5547
12	-28.5547
12	-28.5547
12	-28.5547
12	-28.5547
12	-28.5547
12	-28.5547
12	-28.5547
12	-28.5547
12	-28.5547
12	-28.5547
12	-28.5547
12	-28.5547
12	-28.5547
12	-28.5547
12	-28.5547
12	-28.5547
12	-28.5547
12	-28.5547
12	-28.5547
12	-28.5547
12	-28.5547
12	-28.5547
12	-28.5547
12	-28.5547
12	-28.5547
12	-28.5547
12	-28.5547
12	-28.5547
12	-28.5547
12	-28.5547
12	-28.5547
12	-28.5547
12	-28.5547
12	-28.5547
12	-28.5547
12	-28.5547
12	-28.5547
12	-28.5547
12	-28.5547
12	-28.5547
12	-28.5547
13	-28.5547
13	-28.5547
13	-28.5547
13	-28.5547
13	-28.5547
13	-28.5547
13	-28.5547
13	-28.5547
13	-28.5547
13	-28.5547
13	-28.5547
13	-28.5547
13	-28.5547
13	-28.5547
13	-28.5547
13	-28.5547
13	-28.5547
13	-28.5547
13	-28.5547
13	-28.5547
13	-28.5547
13	-28.5547
13	-28.5547
13	-28.5547
13	-28.5547
13	-28.5547
13	-28.5547
13	-28.5547
13	-28.5547
13	-28.5547
13	-28.5547
13	-28.5547
13	-28.5547
13	-28.5547
13	-28.5547
13	-28.5547
13	-28.5547
13	-28.5547
13	-28.5547
13	-28.5547
13	-28.5547
13	-28.5547
13	-28.5547
13	-28.5547
13	-28.5547
13	-28.5547
13	-28.5547
13	-28.5547
13	-28.5547
13	-28.5547
13	-28.5547
13	-28.5547
13	-28.5547
13	-28.5547
13	-28.5547
13	-28.5547
13	-28.5547
13	-28.5547
13	-28.5547
13	-28.5547
13	-28.5547
13	-28.5547
13	-28.5547
13	-28.5547
13	-28.5547
13	-28.5547
13	-28.5547
13	-28.5547
13	-28.5547
13	-28.5547
13	-28.5547
13	-28.5547
13	-28.5547
13	-28.5547
13	-28.5547
13	-28.5547
13	-28.5547
13	-28.5547
13	-28.5547
13	-28.5547
13	-28.5547
13	-28.5547
13	-28.5547
13	-28.5547
13	-28.5547
13	-28.5547
13	-28.5547
13	-28.5547
13	-28.5547
13	-28.5547
13	-28.5547
13	-28.5547
13	-28.5547
13	-28.5547
13	-28.5547
13	-28.5547
13	-28.5547
13	-28.5547
13	-28.5547
13	-28.5547
13	-28.5547
13	-28.5547
13	-28.5547
13	-28.5547
13	-28.5547
13	-28.5547
13	-28.5547
13	-28.5547
13	-28.5547
13	-28.5547
13	-28.5547
13	-28.6426
13	-28.6426
13	-28.6426
13	-28.6426
13	-28.6426
13	-28.6426
13	-28.6426
13	-28.6426
13	-28.6426
13	-28.6426
13	-28.6426
13	-28.6426
13	-28.6426
13	-28.6426
13	-28.6426
13	-28.6426
13	-28.6426
13	-28.6426
13	-28.6426
13	-28.6426
13	-28.6426
13	-28.6426
13	-28.6426
13	-28.6426
13	-28.6426
13	-28.6426
13	-28.6426
13	-28.6426
13	-28.6426
13	-28.6426
13	-28.6426
13	-28.6426
13	-28.6426
13	-28.6426
13	-28.6426
13	-28.6426
13	-28.7305
13	-28.7305
13	-28.7305
13	-28.7305
13	-28.7305
13	-28.7305
13	-28.7305
13	-28.7305
13	-28.7305
13	-28.7305
13	-28.7305
13	-28.7305
13	-28.7305
13	-28.7305
13	-28.7305
13	-28.7305
13	-28.7305
13	-28.7305
13	-28.7305
13	-28.7305
13	-28.8184
13	-28.8184
13	-28.8184
13	-28.8184
13	-28.8184
13	-28.8184
13	-28.8184
13	-28.8184
13	-28.8184
13	-28.8184
13	-28.8184
13	-28.8184
13	-28.8184
13	-28.8184
13	-28.8184
13	-28.8184
13	-28.8184
13	-28.8184
13	-28.8184
13	-28.8184
13	-28.8184
13	-28.8184
13	-28.8184
13	-28.8184
13	-28.9062
13	-28.9062
13	-28.9062
13	-28.9062
13	-28.9062
13	-28.9062
13	-28.9062
13	-28.9062
14	-28.9062
14	-28.9062
14	-28.9062
14	-28.9062
14	-28.9062
14	-28.9062
14	-28.9062
14	-28.9062
14	-28.9062
14	-28.9062
14	-28.9062
14	-28.9062
14	-28.9062
14	-28.9941
14	-28.9941
14	-28.9941
14	-28.9941
14	-28.9941
14	-28.9941
14	-28.9941
14	-28.9941
14	-28.9941
14	-28.9941
14	-28.9941
14	-28.9941
14	-28.9941
14	-28.9941
14	-28.9941
14	-28.9941
14	-28.9941
14	-28.9941
14	-28.9941
14	-28.9941
14	-28.9941
14	-29.082
14	-29.082
14	-29.082
14	-29.082
14	-29.082
14	-29.082
14	-29.082
14	-29.082
14	-29.082
14	-29.082
14	-29.082
14	-29.082
14	-29.082
14	-29.082
14	-29.082
14	-29.082
14	-29.1699
14	-29.1699
14	-29.1699
14	-29.1699
14	-29.1699
14	-29.1699
14	-29.1699
14	-29.1699
14	-29.1699
14	-29.1699
14	-29.1699
14	-29.1699
14	-29.1699
14	-29.1699
14	-29.1699
14	-29.1699
14	-29.1699
14	-29.1699
14	-29.1699
14	-29.1699
14	-29.2578
14	-29.2578
14	-29.2578
14	-29.2578
14	-29.2578
14	-29.2578
14	-29.2578
14	-29.2578
14	-29.2578
14	-29.2578
14	-29.2578
14	-29.2578
14	-29.2578
14	-29.2578
14	-29.2578
14	-29.2578
14	-29.2578
14	-29.2578
14	-29.2578
14	-29.2578
14	-29.3457
14	-29.3457
14	-29.3457
14	-29.3457
14	-29.3457
14	-29.3457
14	-29.3457
14	-29.3457
14	-29.3457
14	-29.3457
14	-29.3457
14	-29.3457
14	-29.3457
14	-29.3457
14	-29.3457
14	-29.3457
14	-29.3457
14	-29.3457
14	-29.3457
14	-29.4336
14	-29.4336
14	-29.4336
14	-29.4336
14	-29.4336
14	-29.4336
14	-29.4336
14	-29.4336
14	-29.4336
14	-29.4336
14	-29.4336
14	-29.4336
14	-29.4336
14	-29.4336
14	-29.4336
14	-29.4336
14	-29.4336
14	-29.4336
14	-29.5215
14	-29.5215
14	-29.5215
14	-29.5215
14	-29.5215
14	-29.5215
14	-29.5215
14	-29.5215
14	-29.5215
14	-29.5215
14	-29.5215
14	-29.5215
14	-29.5215
14	-29.5215
14	-29.5215
14	-29.5215
14	-29.5215
14	-29.5215
14	-29.5215
14	-29.5215
14	-29.6094
14	-29.6094
14	-29.6094
14	-29.6094
14	-29.6094
14	-29.6094
14	-29.6094
14	-29.6094
14	-29.6094
14	-29.6094
14	-29.6094
14	-29.6094
14	-29.6094
14	-29.6094
14	-29.6094
14	-29.6094
14	-29.6094
14	-29.6094
14	-29.6094
14	-29.6094
14	-29.6094
14	-29.6094
14	-29.6094
14	-29.6094
14	-29.6973
14	-29.6973
14	-29.6973
14	-29.6973
14	-29.6973
14	-29.6973
14	-29.6973
14	-29.6973
14	-29.6973
14	-29.6973
14	-29.6973
14	-29.6973
14	-29.6973
14	-29.6973
14	-29.6973
14	-29.6973
14	-29.6973
14	-29.6973
14	-29.6973
14	-29.6973
14	-29.6973
14	-29.6973
14	-29.6973
14	-29.6973
14	-29.7852
14	-29.7852
14	-29.7852
14	-29.7852
14	-29.7852
14	-29.7852
15	-29.7852
15	-29.7852
15	-29.7852
15	-29.7852
15	-29.7852
15	-29.7852
15	-29.7852
15	-29.7852
15	-29.7852
15	-29.7852
15	-29.7852
15	-29.7852
15	-29.7852
15	-29.7852
15	-29.7852
15	-29.873
15	-29.873
15	-29.873
15	-29.873
15	-29.873
15	-29.873
15	-29.873
15	-29.873
15	-29.873
15	-29.873
15	-29.873
15	-29.873
15	-29.873
15	-29.873
15	-29.873
15	-29.873
15	-29.873
15	-29.873
15	-29.873
15	-29.873
15	-29.873
15	-29.873
15	-29.873
15	-29.873
15	-29.873
15	-29.873
15	-29.873
15	-29.873
15	-29.873
15	-29.873
15	-29.873
15	-29.873
15	-29.873
15	-29.873
15	-29.873
15	-29.873
15	-29.873
15	-29.9609
15	-29.9609
15	-29.9609
15	-29.9609
15	-29.9609
15	-29.9609
15	-29.9609
15	-29.9609
15	-29.9609
15	-29.9609
15	-29.9609
15	-29.9609
15	-29.9609
15	-29.9609
15	-29.9609
15	-29.9609
15	-29.9609
15	-29.9609
15	-29.9609
15	-29.9609
15	-29.9609
15	-29.9609
15	-29.9609
15	-29.9609
15	-29.9609
15	-29.9609
15	-29.9609
15	-29.9609
15	-29.9609
15	-29.9609
15	-29.9609
15	-29.9609
15	-29.9609
15	-29.9609
15	-29.9609
15	-29.9609
15	-29.9609
15	-29.9609
15	-29.9609
15	-29.9609
15	-29.9609
15	-29.9609
15	-29.9609
15	-29.9609
15	-29.9609
15	-29.9609
15	-29.9609
15	-29.9609
15	-29.9609
15	-29.9609
15	-29.9609
15	-29.9609
15	-29.9609
15	-29.9609
15	-29.9609
15	-29.9609
15	-29.9609
15	-29.9609
15	-29.9609
15	-29.9609
15	-29.9609
15	-30.0488
15	-30.0488
15	-30.0488
15	-30.0488
15	-30.0488
15	-30.0488
15	-30.0488
15	-30.0488
15	-30.0488
15	-30.0488
15	-30.0488
15	-30.0488
15	-30.0488
15	-30.0488
15	-30.0488
15	-30.0488
15	-30.0488
15	-30.0488
15	-30.0488
15	-30.0488
15	-30.0488
15	-30.0488
15	-30.0488
15	-30.0488
15	-30.0488
15	-30.0488
15	-30.0488
15	-30.0488
15	-30.0488
15	-30.0488
15	-30.0488
15	-30.0488
15	-30.0488
15	-30.0488
15	-30.0488
15	-30.0488
15	-30.0488
15	-30.0488
15	-30.0488
15	-30.0488
15	-30.0488
15	-30.0488
15	-30.0488
15	-30.0488
15	-30.0488
15	-30.0488
15	-30.0488
15	-30.0488
15	-30.0488
15	-30.0488
15	-30.0488
15	-30.0488
15	-30.0488
15	-30.0488
15	-30.0488
15	-30.0488
15	-30.0488
15	-30.0488
15	-30.0488
15	-30.0488
15	-30.0488
15	-30.0488
15	-30.0488
15	-30.0488
15	-30.0488
15	-30.0488
15	-30.0488
15	-30.0488
15	-30.0488
15	-30.0488
15	-30.0488
15	-30.0488
15	-29.9609
15	-29.9609
15	-29.9609
15	-29.9609
15	-29.9609
15	-29.9609
15	-29.9609
15	-29.9609
15	-29.9609
15	-29.9609
15	-29.9609
15	-29.9609
15	-29.9609
15	-29.9609
16	-29.9609
16	-29.9609
16	-29.9609
16	-29.9609
16	-29.9609
16	-29.9609
16	-29.9609
16	-29.9609
16	-29.9609
16	-29.9609
16	-29.9609
16	-29.9609
16	-29.9609
16	-29.9609
16	-29.9609
16	-29.9609
16	-29.9609
16	-29.9609
16	-29.9609
16	-29.9609
16	-29.9609
16	-29.9609
16	-29.9609
16	-29.9609
16	-29.9609
16	-29.9609
16	-29.9609
16	-29.9609
16	-29.9609
16	-29.9609
16	-29.9609
16	-29.9609
16	-29.9609
16	-29.9609
16	-29.9609
16	-29.9609
16	-29.873
16	-29.873
16	-29.873
16	-29.873
16	-29.873
16	-29.873
16	-29.873
16	-29.873
16	-29.873
16	-29.873
16	-29.873
16	-29.873
16	-29.873
16	-29.873
16	-29.873
16	-29.873
16	-29.873
16	-29.873
16	-29.873
16	-29.873
16	-29.873
16	-29.873
16	-29.873
16	-29.873
16	-29.873
16	-29.873
16	-29.873
16	-29.873
16	-29.873
16	-29.873
16	-29.873
16	-29.7852
16	-29.7852
16	-29.7852
16	-29.7852
16	-29.7852
16	-29.7852
16	-29.7852
16	-29.7852
16	-29.7852
16	-29.7852
16	-29.7852
16	-29.7852
16	-29.7852
16	-29.7852
16	-29.7852
16	-29.7852
16	-29.7852
16	-29.7852
16	-29.7852
16	-29.7852
16	-29.7852
16	-29.7852
16	-29.7852
16	-29.7852
16	-29.6973
16	-29.6973
16	-29.6973
16	-29.6973
16	-29.6973
16	-29.6973
16	-29.6973
16	-29.6973
16	-29.6973
16	-29.6973
16	-29.6973
16	-29.6973
16	-29.6973
16	-29.6973
16	-29.6973
16	-29.6973
16	-29.6973
16	-29.6973
16	-29.6973
16	-29.6973
16	-29.6973
16	-29.6973
16	-29.6973
16	-29.6973
16	-29.6094
16	-29.6094
16	-29.6094
16	-29.6094
16	-29.6094
16	-29.6094
16	-29.6094
16	-29.6094
16	-29.6094
16	-29.6094
16	-29.6094
16	-29.6094
16	-29.6094
16	-29.6094
16	-29.6094
16	-29.6094
16	-29.6094
16	-29.6094
16	-29.6094
16	-29.6094
16	-29.6094
16	-29.6094
16	-29.5215
16	-29.5215
16	-29.5215
16	-29.5215
16	-29.5215
16	-29.5215
16	-29.5215
16	-29.5215
16	-29.5215
16	-29.5215
16	-29.5215
16	-29.5215
16	-29.5215
16	-29.5215
16	-29.5215
16	-29.5215
16	-29.5215
16	-29.5215
16	-29.5215
16	-29.5215
16	-29.5215
16	-29.5215
16	-29.4336
16	-29.4336
16	-29.4336
16	-29.4336
16	-29.4336
16	-29.4336
16	-29.4336
16	-29.4336
16	-29.4336
16	-29.4336
16	-29.4336
16	-29.4336
16	-29.4336
16	-29.4336
16	-29.4336
16	-29.4336
16	-29.4336
16	-29.4336
16	-29.3457
16	-29.3457
16	-29.3457
16	-29.3457
16	-29.3457
16	-29.3457
16	-29.3457
16	-29.3457
16	-29.3457
16	-29.3457
16	-29.3457
16	-29.3457
16	-29.3457
16	-29.3457
16	-29.3457
16	-29.3457
16	-29.3457
16	-29.3457
16	-29.3457
16	-29.3457
16	-29.2578
16	-29.2578
16	-29.2578
16	-29.2578
17	-29.2578
17	-29.2578
17	-29.2578
17	-29.2578
17	-29.2578
17	-29.2578
17	-29.2578
17	-29.2578
17	-29.2578
17	-29.2578
17	-29.2578
17	-29.2578
17	-29.2578
17	-29.2578
17	-29.2578
17	-29.2578
17	-29.2578
17	-29.1699
17	-29.1699
17	-29.1699
17	-29.1699
17	-29.1699
17	-29.1699
17	-29.1699
17	-29.1699
17	-29.1699
17	-29.1699
17	-29.1699
17	-29.1699
17	-29.1699
17	-29.1699
17	-29.1699
17	-29.1699
17	-29.1699
17	-29.1699
17	-29.1699
17	-29.1699
17	-29.1699
17	-29.1699
17	-29.082
17	-29.082
17	-29.082
17	-29.082
17	-29.082
17	-29.082
17	-29.082
17	-29.082
17	-29.082
17	-29.082
17	-29.082
17	-29.082
17	-29.082
17	-29.082
17	-29.082
17	-29.082
17	-29.082
17	-29.082
17	-29.082
17	-28.9941
17	-28.9941
17	-28.9941
17	-28.9941
17	-28.9941
17	-28.9941
17	-28.9941
17	-28.9941
17	-28.9941
17	-28.9941
17	-28.9941
17	-28.9941
17	-28.9941
17	-28.9941
17	-28.9941
17	-28.9941
17	-28.9941
17	-28.9941
17	-28.9941
17	-28.9941
17	-28.9941
17	-28.9941
17	-28.9941
17	-28.9941
17	-28.9941
17	-28.9062
17	-28.9062
17	-28.9062
17	-28.9062
17	-28.9062
17	-28.9062
17	-28.9062
17	-28.9062
17	-28.9062
17	-28.9062
17	-28.9062
17	-28.9062
17	-28.9062
17	-28.9062
17	-28.9062
17	-28.9062
17	-28.9062
17	-28.9062
17	-28.9062
17	-28.9062
17	-28.9062
17	-28.9062
17	-28.9062
17	-28.9062
17	-28.9062
17	-28.9062
17	-28.9062
17	-28.9062
17	-28.9062
17	-28.9062
17	-28.8184
17	-28.8184
17	-28.8184
17	-28.8184
17	-28.8184
17	-28.8184
17	-28.8184
17	-28.8184
17	-28.8184
17	-28.8184
17	-28.8184
17	-28.8184
17	-28.8184
17	-28.8184
17	-28.8184
17	-28.8184
17	-28.8184
17	-28.8184
17	-28.8184
17	-28.8184
17	-28.8184
17	-28.8184
17	-28.8184
17	-28.8184
17	-28.8184
17	-28.8184
17	-28.8184
17	-28.8184
17	-28.8184
17	-28.8184
17	-28.8184
17	-28.8184
17	-28.7305
17	-28.7305
17	-28.7305
17	-28.7305
17	-28.7305
17	-28.7305
17	-28.7305
17	-28.7305
17	-28.7305
17	-28.7305
17	-28.7305
17	-28.7305
17	-28.7305
17	-28.7305
17	-28.7305
17	-28.7305
17	-28.7305
17	-28.7305
17	-28.7305
17	-28.7305
17	-28.7305
17	-28.7305
17	-28.7305
17	-28.7305
17	-28.7305
17	-28.7305
17	-28.7305
17	-28.7305
17	-28.7305
17	-28.7305
17	-28.7305
17	-28.7305
17	-28.7305
17	-28.7305
17	-28.7305
17	-28.7305
17	-28.7305
17	-28.7305
17	-28.7305
17	-28.6426
17	-28.6426
17	-28.6426
17	-28.6426
17	-28.6426
17	-28.6426
17	-28.6426
17	-28.6426
17	-28.6426
17	-28.6426
17	-28.6426
17	-28.6426
17	-28.6426
17	-28.6426
17	-28.6426
18	-28.6426
18	-28.6426
18	-28.6426
18	-28.6426
18	-28.6426
18	-28.6426
18	-28.6426
18	-28.6426
18	-28.6426
18	-28.6426
18	-28.6426
18	-28.6426
18	-28.6426
18	-28.6426
18	-28.6426
18	-28.6426
18	-28.6426
18	-28.6426
18	-28.6426
18	-28.6426
18	-28.6426
18	-28.6426
18	-28.6426
18	-28.6426
18	-28.6426
18	-28.6426
18	-28.6426
18	-28.6426
18	-28.6426
18	-28.6426
18	-28.6426
18	-28.6426
18	-28.6426
18	-28.6426
18	-28.6426
18	-28.6426
18	-28.6426
18	-28.6426
18	-28.6426
18	-28.6426
18	-28.6426
18	-28.6426
18	-28.6426
18	-28.6426
18	-28.6426
18	-28.6426
18	-28.6426
18	-28.6426
18	-28.6426
18	-28.6426
18	-28.6426
18	-28.6426
18	-28.6426
18	-28.6426
18	-28.6426
18	-28.6426
18	-28.6426
18	-28.6426
18	-28.6426
18	-28.6426
18	-28.6426
18	-28.6426
18	-28.6426
18	-28.6426
18	-28.6426
18	-28.6426
18	-28.6426
18	-28.6426
18	-28.6426
18	-28.6426
18	-28.6426
18	-28.6426
18	-28.6426
18	-28.6426
18	-28.6426
18	-28.6426
18	-28.6426
18	-28.6426
18	-28.6426
18	-28.6426
18	-28.6426
18	-28.6426
18	-28.6426
18	-28.6426
18	-28.6426
18	-28.6426
18	-28.6426
18	-28.6426
18	-28.6426
18	-28.6426
18	-28.6426
18	-28.6426
18	-28.6426
18	-28.6426
18	-28.6426
18	-28.6426
18	-28.6426
18	-28.6426
18	-28.6426
18	-28.6426
18	-28.6426
18	-28.6426
18	-28.6426
18	-28.6426
18	-28.6426
18	-28.6426
18	-28.6426
18	-28.6426
18	-28.6426
18	-28.6426
18	-28.6426
18	-28.6426
18	-28.6426
18	-28.6426
18	-28.6426
18	-28.6426
18	-28.6426
18	-28.6426
18	-28.6426
18	-28.6426
18	-28.6426
18	-28.6426
18	-28.6426
18	-28.6426
18	-28.6426
18	-28.6426
18	-28.6426
18	-28.6426
18	-28.6426
18	-28.6426
18	-28.6426
18	-28.6426
18	-28.6426
18	-28.6426
18	-28.6426
18	-28.6426
18	-28.6426
18	-28.6426
18	-28.6426
18	-28.6426
18	-28.6426
18	-28.6426
18	-28.6426
18	-28.7305
18	-28.7305
18	-28.7305
18	-28.7305
18	-28.7305
18	-28.7305
18	-28.7305
18	-28.7305
18	-28.7305
18	-28.7305
18	-28.7305
18	-28.7305
18	-28.7305
18	-28.7305
18	-28.7305
18	-28.7305
18	-28.7305
18	-28.7305
18	-28.7305
18	-28.7305
18	-28.7305
18	-28.7305
18	-28.7305
18	-28.7305
18	-28.7305
18	-28.7305
18	-28.7305
18	-28.7305
18	-28.7305
18	-28.7305
18	-28.7305
18	-28.7305
18	-28.7305
18	-28.7305
18	-28.7305
18	-28.7305
18	-28.7305
18	-28.8184
18	-28.8184
18	-28.8184
18	-28.8184
18	-28.8184
18	-28.8184
18	-28.8184
18	-28.8184
18	-28.8184
18	-28.8184
18	-28.8184
18	-28.8184
18	-28.8184
18	-28.8184
18	-28.8184
18	-28.8184
18	-28.8184
18	-28.8184
18	-28.8184
18	-28.8184
18	-28.8184
19	-28.8184
19	-28.8184
19	-28.8184
19	-28.8184
19	-28.8184
19	-28.8184
19	-28.8184
19	-28.8184
19	-28.8184
19	-28.8184
19	-28.8184
19	-28.9062
19	-28.9062
19	-28.9062
19	-28.9062
19	-28.9062
19	-28.9062
19	-28.9062
19	-28.9062
19	-28.9062
19	-28.9062
19	-28.9062
19	-28.9062
19	-28.9062
19	-28.9062
19	-28.9062
19	-28.9062
19	-28.9062
19	-28.9062
19	-28.9062
19	-28.9062
19	-28.9062
19	-28.9062
19	-28.9062
19	-28.9062
19	-28.9062
19	-28.9062
19	-28.9062
19	-28.9062
19	-28.9062
19	-28.9062
19	-28.9941
19	-28.9941
19	-28.9941
19	-28.9941
19	-28.9941
19	-28.9941
19	-28.9941
19	-28.9941
19	-28.9941
19	-28.9941
19	-28.9941
19	-28.9941
19	-28.9941
19	-28.9941
19	-28.9941
19	-28.9941
19	-28.9941
19	-28.9941
19	-28.9941
19	-28.9941
19	-28.9941
19	-28.9941
19	-28.9941
19	-28.9941
19	-28.9941
19	-28.9941
19	-28.9941
19	-29.082
19	-29.082
19	-29.082
19	-29.082
19	-29.082
19	-29.082
19	-29.082
19	-29.082
19	-29.082
19	-29.082
19	-29.082
19	-29.082
19	-29.082
19	-29.082
19	-29.082
19	-29.082
19	-29.082
19	-29.082
19	-29.082
19	-29.082
19	-29.082
19	-29.1699
19	-29.1699
19	-29.1699
19	-29.1699
19	-29.1699
19	-29.1699
19	-29.1699
19	-29.1699
19	-29.1699
19	-29.1699
19	-29.1699
19	-29.1699
19	-29.1699
19	-29.1699
19	-29.1699
19	-29.1699
19	-29.1699
19	-29.1699
19	-29.1699
19	-29.1699
19	-29.1699
19	-29.1699
19	-29.1699
19	-29.1699
19	-29.1699
19	-29.2578
19	-29.2578
19	-29.2578
19	-29.2578
19	-29.2578
19	-29.2578
19	-29.2578
19	-29.2578
19	-29.2578
19	-29.2578
19	-29.2578
19	-29.2578
19	-29.2578
19	-29.2578
19	-29.2578
19	-29.2578
19	-29.2578
19	-29.2578
19	-29.2578
19	-29.2578
19	-29.2578
19	-29.2578
19	-29.2578
19	-29.2578
19	-29.2578
19	-29.3457
19	-29.3457
19	-29.3457
19	-29.3457
19	-29.3457
19	-29.3457
19	-29.3457
19	-29.3457
19	-29.3457
19	-29.3457
19	-29.3457
19	-29.3457
19	-29.3457
19	-29.3457
19	-29.3457
19	-29.3457
19	-29.3457
19	-29.3457
19	-29.3457
19	-29.3457
19	-29.3457
19	-29.3457
19	-29.3457
19	-29.3457
19	-29.3457
19	-29.4336
19	-29.4336
19	-29.4336
19	-29.4336
19	-29.4336
19	-29.4336
19	-29.4336
19	-29.4336
19	-29.4336
19	-29.4336
19	-29.4336
19	-29.4336
19	-29.4336
19	-29.4336
19	-29.4336
19	-29.4336
19	-29.4336
19	-29.4336
19	-29.4336
19	-29.4336
19	-29.4336
19	-29.4336
19	-29.4336
19	-29.4336
19	-29.5215
19	-29.5215
19	-29.5215
19	-29.5215
19	-29.5215
19	-29.5215
19	-29.5215
19	-29.5215
19	-29.5215
19	-29.5215
19	-29.5215
20	-29.5215
20	-29.5215
20	-29.5215
20	-29.5215
20	-29.5215
20	-29.5215
20	-29.5215
20	-29.5215
20	-29.5215
20	-29.5215
20	-29.5215
20	-29.5215
20	-29.5215
20	-29.5215
20	-29.5215
20	-29.6094
20	-29.6094
20	-29.6094
20	-29.6094
20	-29.6094
20	-29.6094
20	-29.6094
20	-29.6094
20	-29.6094
20	-29.6094
20	-29.6094
20	-29.6094
20	-29.6094
20	-29.6094
20	-29.6094
20	-29.6094
20	-29.6094
20	-29.6094
20	-29.6094
20	-29.6094
20	-29.6094
20	-29.6094
20	-29.6094
20	-29.6094
20	-29.6094
20	-29.6094
20	-29.6094
20	-29.6094
20	-29.6094
20	-29.6094
20	-29.6094
20	-29.6094
20	-29.6973
20	-29.6973
20	-29.6973
20	-29.6973
20	-29.6973
20	-29.6973
20	-29.6973
20	-29.6973
20	-29.6973
20	-29.6973
20	-29.6973
20	-29.6973
20	-29.6973
20	-29.6973
20	-29.6973
20	-29.6973
20	-29.6973
20	-29.6973
20	-29.6973
20	-29.6973
20	-29.6973
20	-29.6973
20	-29.6973
20	-29.6973
20	-29.6973
20	-29.6973
20	-29.6973
20	-29.6973
20	-29.6973
20	-29.6973
20	-29.6973
20	-29.6973
20	-29.6973
20	-29.6973
20	-29.6973
20	-29.6973
20	-29.6973
20	-29.6973
20	-29.6973
20	-29.7852
20	-29.7852
20	-29.7852
20	-29.7852
20	-29.7852
20	-29.7852
20	-29.7852
20	-29.7852
20	-29.7852
20	-29.7852
20	-29.7852
20	-29.7852
20	-29.7852
20	-29.7852
20	-29.7852
20	-29.7852
20	-29.7852
20	-29.7852
20	-29.7852
20	-29.7852
20	-29.7852
20	-29.7852
20	-29.7852
20	-29.7852
20	-29.7852
20	-29.7852
20	-29.7852
20	-29.7852
20	-29.7852
20	-29.7852
20	-29.7852
20	-29.7852
20	-29.7852
20	-29.7852
20	-29.7852
20	-29.7852
20	-29.7852
20	-29.7852
20	-29.7852
20	-29.7852
20	-29.7852
20	-29.7852
20	-29.7852
20	-29.7852
20	-29.7852
20	-29.7852
20	-29.7852
20	-29.7852
20	-29.7852
20	-29.7852
20	-29.7852
20	-29.7852
20	-29.7852
20	-29.7852
20	-29.873
20	-29.873
20	-29.873
20	-29.873
20	-29.873
20	-29.873
20	-29.873
20	-29.873
20	-29.873
20	-29.873
20	-29.873
20	-29.873
20	-29.873
20	-29.873
20	-29.873
20	-29.873
20	-29.873
20	-29.873
20	-29.873
20	-29.873
20	-29.873
20	-29.873
20	-29.873
20	-29.873
20	-29.873
20	-29.873
20	-29.873
20	-29.873
20	-29.873
20	-29.873
20	-29.873
20	-29.873
20	-29.873
20	-29.873
20	-29.873
20	-29.873
20	-29.873
20	-29.873
20	-29.873
20	-29.873
20	-29.873
20	-29.873
20	-29.873
20	-29.873
20	-29.873
20	-29.873
20	-29.873
20	-29.873
20	-29.873
20	-29.873
20	-29.873
20	-29.873
20	-29.873
20	-29.873
20	-29.873
20	-29.873
20	-29.873
20	-29.873
20	-29.873
20	-29.873
20	-29.873
21	-29.873
21	-29.873
21	-29.873
21	-29.873
21	-29.873
21	-29.873
21	-29.873
21	-29.873
21	-29.873
21	-29.873
21	-29.873
21	-29.873
21	-29.873
21	-29.873
21	-29.873
21	-29.873
21	-29.873
21	-29.873
21	-29.873
21	-29.873
21	-29.873
21	-29.873
21	-29.873
21	-29.873
21	-29.873
21	-29.873
21	-29.873
21	-29.873
21	-29.873
21	-29.873
21	-29.873
21	-29.873
21	-29.873
21	-29.873
21	-29.873
21	-29.7852
21	-29.7852
21	-29.7852
21	-29.7852
21	-29.7852
21	-29.7852
21	-29.7852
21	-29.7852
21	-29.7852
21	-29.7852
21	-29.7852
21	-29.7852
21	-29.7852
21	-29.7852
21	-29.7852
21	-29.7852
21	-29.7852
21	-29.7852
21	-29.7852
21	-29.7852
21	-29.7852
21	-29.7852
21	-29.7852
21	-29.7852
21	-29.7852
21	-29.7852
21	-29.7852
21	-29.7852
21	-29.7852
21	-29.7852
21	-29.7852
21	-29.7852
21	-29.7852
21	-29.7852
21	-29.7852
21	-29.7852
21	-29.7852
21	-29.7852
21	-29.7852
21	-29.7852
21	-29.7852
21	-29.7852
21	-29.7852
21	-29.7852
21	-29.7852
21	-29.6973
21	-29.6973
21	-29.6973
21	-29.6973
21	-29.6973
21	-29.6973
21	-29.6973
21	-29.6973
21	-29.6973
21	-29.6973
21	-29.6973
21	-29.6973
21	-29.6973
21	-29.6973
21	-29.6973
21	-29.6973
21	-29.6973
21	-29.6973
21	-29.6973
21	-29.6973
21	-29.6973
21	-29.6973
21	-29.6973
21	-29.6973
21	-29.6973
21	-29.6973
21	-29.6973
21	-29.6973
21	-29.6973
21	-29.6973
21	-29.6973
21	-29.6973
21	-29.6973
21	-29.6973
21	-29.6973
21	-29.6973
21	-29.6973
21	-29.6973
21	-29.6973
21	-29.6973
21	-29.6973
21	-29.6094
21	-29.6094
21	-29.6094
21	-29.6094
21	-29.6094
21	-29.6094
21	-29.6094
21	-29.6094
21	-29.6094
21	-29.6094
21	-29.6094
21	-29.6094
21	-29.6094
21	-29.6094
21	-29.6094
21	-29.6094
21	-29.6094
21	-29.6094
21	-29.6094
21	-29.6094
21	-29.6094
21	-29.6094
21	-29.6094
21	-29.6094
21	-29.6094
21	-29.6094
21	-29.6094
21	-29.6094
21	-29.6094
21	-29.6094
21	-29.6094
21	-29.5215
21	-29.5215
21	-29.5215
21	-29.5215
21	-29.5215
21	-29.5215
21	-29.5215
21	-29.5215
21	-29.5215
21	-29.5215
21	-29.5215
21	-29.5215
21	-29.5215
21	-29.5215
21	-29.5215
21	-29.5215
21	-29.5215
21	-29.5215
21	-29.5215
21	-29.5215
21	-29.5215
21	-29.5215
21	-29.5215
21	-29.5215
21	-29.5215
21	-29.5215
21	-29.5215
21	-29.4336
21	-29.4336
21	-29.4336
21	-29.4336
21	-29.4336
21	-29.4336
21	-29.4336
21	-29.4336
21	-29.4336
21	-29.4336
21	-29.4336
21	-29.4336
21	-29.4336
21	-29.4336
21	-29.4336
21	-29.4336
21	-29.4336
21	-29.4336
21	-29.4336
21	-29.4336
22	-29.4336
22	-29.4336
22	-29.4336
22	-29.3457
22	-29.3457
22	-29.3457
22	-29.3457
22	-29.3457
22	-29.3457
22	-29.3457
22	-29.3457
22	-29.3457
22	-29.3457
22	-29.3457
22	-29.3457
22	-29.3457
22	-29.3457
22	-29.3457
22	-29.3457
22	-29.3457
22	-29.3457
22	-29.3457
22	-29.3457
22	-29.3457
22	-29.3457
22	-29.3457
22	-29.3457
22	-29.3457
22	-29.3457
22	-29.3457
22	-29.3457
22	-29.3457
22	-29.2578
22	-29.2578
22	-29.2578
22	-29.2578
22	-29.2578
22	-29.2578
22	-29.2578
22	-29.2578
22	-29.2578
22	-29.2578
22	-29.2578
22	-29.2578
22	-29.2578
22	-29.2578
22	-29.2578
22	-29.2578
22	-29.2578
22	-29.2578
22	-29.2578
22	-29.2578
22	-29.2578
22	-29.2578
22	-29.2578
22	-29.2578
22	-29.2578
22	-29.2578
22	-29.2578
22	-29.1699
22	-29.1699
22	-29.1699
22	-29.1699
22	-29.1699
22	-29.1699
22	-29.1699
22	-29.1699
22	-29.1699
22	-29.1699
22	-29.1699
22	-29.1699
22	-29.1699
22	-29.1699
22	-29.1699
22	-29.1699
22	-29.1699
22	-29.1699
22	-29.1699
22	-29.1699
22	-29.1699
22	-29.1699
22	-29.1699
22	-29.1699
22	-29.1699
22	-29.1699
22	-29.1699
22	-29.1699
22	-29.1699
22	-29.1699
22	-29.1699
22	-29.082
22	-29.082
22	-29.082
22	-29.082
22	-29.082
22	-29.082
22	-29.082
22	-29.082
22	-29.082
22	-29.082
22	-29.082
22	-29.082
22	-29.082
22	-29.082
22	-29.082
22	-29.082
22	-29.082
22	-29.082
22	-29.082
22	-29.082
22	-29.082
22	-29.082
22	-29.082
22	-29.082
22	-29.082
22	-29.082
22	-29.082
22	-29.082
22	-29.082
22	-29.082
22	-29.082
22	-28.9941
22	-28.9941
22	-28.9941
22	-28.9941
22	-28.9941
22	-28.9941
22	-28.9941
22	-28.9941
22	-28.9941
22	-28.9941
22	-28.9941
22	-28.9941
22	-28.9941
22	-28.9941
22	-28.9941
22	-28.9941
22	-28.9941
22	-28.9941
22	-28.9941
22	-28.9941
22	-28.9941
22	-28.9941
22	-28.9941
22	-28.9941
22	-28.9941
22	-28.9941
22	-28.9941
22	-28.9941
22	-28.9941
22	-28.9941
22	-28.9941
22	-28.9941
22	-28.9941
22	-28.9941
22	-28.9941
22	-28.9941
22	-28.9941
22	-28.9941
22	-28.9941
22	-28.9062
22	-28.9062
22	-28.9062
22	-28.9062
22	-28.9062
22	-28.9062
22	-28.9062
22	-28.9062
22	-28.9062
22	-28.9062
22	-28.9062
22	-28.9062
22	-28.9062
22	-28.9062
22	-28.9062
22	-28.9062
22	-28.9062
22	-28.9062
22	-28.9062
22	-28.9062
22	-28.9062
22	-28.9062
22	-28.9062
22	-28.9062
22	-28.9062
22	-28.9062
22	-28.9062
22	-28.9062
22	-28.9062
22	-28.9062
22	-28.9062
22	-28.9062
22	-28.9062
22	-28.9062
22	-28.9062
22	-28.9062
22	-28.9062
22	-28.9062
22	-28.9062
22	-28.9062
22	-28.9062
23	-28.9062
23	-28.9062
23	-28.9062
23	-28.9062
23	-28.9062
23	-28.9062
23	-28.9062
23	-28.9062
23	-28.9062
23	-28.9062
23	-28.9062
23	-28.9062
23	-28.9062
23	-28.9062
23	-28.9062
23	-28.9062
23	-28.9062
23	-28.9062
23	-28.9062
23	-28.9062
23	-28.9062
23	-28.9062
23	-28.9062
23	-28.9062
23	-28.9062
23	-28.9062
23	-28.9062
23	-28.9062
23	-28.9062
23	-28.9062
23	-28.9062
23	-28.9062
23	-28.9062
23	-28.9062
23	-28.9062
23	-28.9062
23	-28.9062
23	-28.9062
23	-28.9062
23	-28.9062
23	-28.9062
23	-28.9062
23	-28.9062
23	-28.9062
23	-28.9062
23	-28.9062
23	-28.9062
23	-28.9062
23	-28.9062
23	-28.9062
23	-28.9062
23	-28.8184
23	-28.8184
23	-28.8184
23	-28.8184
23	-28.8184
23	-28.8184
23	-28.8184
23	-28.8184
23	-28.8184
23	-28.8184
23	-28.8184
23	-28.8184
23	-28.8184
23	-28.8184
23	-28.8184
23	-28.8184
23	-28.8184
23	-28.8184
23	-28.8184
23	-28.8184
23	-28.8184
23	-28.8184
23	-28.8184
23	-28.8184
23	-28.8184
23	-28.8184
23	-28.8184
23	-28.8184
23	-28.8184
23	-28.8184
23	-28.8184
23	-28.8184
23	-28.8184
23	-28.8184
23	-28.8184
23	-28.8184
23	-28.8184
23	-28.8184
23	-28.8184
23	-28.8184
23	-28.8184
23	-28.8184
23	-28.8184
23	-28.8184
23	-28.8184
23	-28.8184
23	-28.8184
23	-28.8184
23	-28.8184
23	-28.8184
23	-28.8184
23	-28.8184
23	-28.8184
23	-28.8184
23	-28.9062
23	-28.9062
23	-28.9062
23	-28.9062
23	-28.9062
23	-28.9062
23	-28.9062
23	-28.9062
23	-28.9062
23	-28.9062
23	-28.9062
23	-28.9062
23	-28.9062
23	-28.9062
23	-28.9062
23	-28.9062
23	-28.9062
23	-28.9062
23	-28.9062
23	-28.9062
23	-28.9062
23	-28.9062
23	-28.9062
23	-28.9062
23	-28.9062
23	-28.9062
23	-28.9062
23	-28.9062
23	-28.9062
23	-28.9062
23	-28.9062
23	-28.9062
23	-28.9062
23	-28.9062
23	-28.9062
23	-28.9062
23	-28.9062
23	-28.9062
23	-28.9062
23	-28.9062
23	-28.9062
23	-28.9062
23	-28.9062
23	-28.9062
23	-28.9062
23	-28.9062
23	-28.9062
23	-28.9062
23	-28.9062
23	-28.9062
23	-28.9062
23	-28.9062
23	-28.9062
23	-28.9062
23	-28.9062
23	-28.9062
23	-28.9062
23	-28.9062
23	-28.9062
23	-28.9062
23	-28.9062
23	-28.9062
23	-28.9062
23	-28.9062
23	-28.9062
23	-28.9062
23	-28.9062
23	-28.9062
23	-28.9062
23	-28.9062
23	-28.9062
23	-28.9062
23	-28.9062
23	-28.9062
23	-28.9941
23	-28.9941
23	-28.9941
23	-28.9941
23	-28.9941
23	-28.9941
23	-28.9941
23	-28.9941
23	-28.9941
23	-28.9941
23	-28.9941
23	-28.9941
23	-28.9941
23	-28.9941
23	-28.9941
23	-28.9941
23	-28.9941
23	-28.9941
23	-28.9941
23	-28.9941
24	-28.9941
24	-28.9941
24	-28.9941
24	-28.9941
24	-28.9941
24	-28.9941
24	-28.9941
24	-28.9941
24	-28.9941
24	-28.9941
24	-28.9941
24	-28.9941
24	-28.9941
24	-28.9941
24	-28.9941
24	-28.9941
24	-28.9941
24	-28.9941
24	-28.9941
24	-28.9941
24	-28.9941
24	-28.9941
24	-28.9941
24	-28.9941
24	-28.9941
24	-28.9941
24	-28.9941
24	-28.9941
24	-28.9941
24	-29.082
24	-29.082
24	-29.082
24	-29.082
24	-29.082
24	-29.082
24	-29.082
24	-29.082
24	-29.082
24	-29.082
24	-29.082
24	-29.082
24	-29.082
24	-29.082
24	-29.082
24	-29.082
24	-29.082
24	-29.082
24	-29.082
24	-29.082
24	-29.082
24	-29.082
24	-29.082
24	-29.082
24	-29.082
24	-29.082
24	-29.082
24	-29.082
24	-29.082
24	-29.082
24	-29.082
24	-29.082
24	-29.082
24	-29.1699
24	-29.1699
24	-29.1699
24	-29.1699
24	-29.1699
24	-29.1699
24	-29.1699
24	-29.1699
24	-29.1699
24	-29.1699
24	-29.1699
24	-29.1699
24	-29.1699
24	-29.1699
24	-29.1699
24	-29.1699
24	-29.1699
24	-29.1699
24	-29.1699
24	-29.1699
24	-29.1699
24	-29.1699
24	-29.1699
24	-29.1699
24	-29.1699
24	-29.1699
24	-29.1699
24	-29.1699
24	-29.1699
24	-29.1699
24	-29.1699
24	-29.1699
24	-29.1699
24	-29.1699
24	-29.1699
24	-29.1699
24	-29.1699
24	-29.1699
24	-29.1699
24	-29.1699
24	-29.2578
24	-29.2578
24	-29.2578
24	-29.2578
24	-29.2578
24	-29.2578
24	-29.2578
24	-29.2578
24	-29.2578
24	-29.2578
24	-29.2578
24	-29.2578
24	-29.2578
24	-29.2578
24	-29.2578
24	-29.2578
24	-29.2578
24	-29.2578
24	-29.2578
24	-29.2578
24	-29.2578
24	-29.2578
24	-29.2578
24	-29.2578
24	-29.2578
24	-29.2578
24	-29.2578
24	-29.2578
24	-29.2578
24	-29.2578
24	-29.2578
24	-29.2578
24	-29.2578
24	-29.2578
24	-29.2578
24	-29.2578
24	-29.2578
24	-29.2578
24	-29.2578
24	-29.3457
24	-29.3457
24	-29.3457
24	-29.3457
24	-29.3457
24	-29.3457
24	-29.3457
24	-29.3457
24	-29.3457
24	-29.3457
24	-29.3457
24	-29.3457
24	-29.3457
24	-29.3457
24	-29.3457
24	-29.3457
24	-29.3457
24	-29.3457
24	-29.3457
24	-29.3457
24	-29.3457
24	-29.3457
24	-29.3457
24	-29.3457
24	-29.3457
24	-29.3457
24	-29.3457
24	-29.3457
24	-29.3457
24	-29.3457
24	-29.3457
24	-29.3457
24	-29.3457
24	-29.3457
24	-29.3457
24	-29.3457
24	-29.3457
24	-29.3457
24	-29.3457
24	-29.3457
24	-29.3457
24	-29.3457
24	-29.4336
24	-29.4336
24	-29.4336
24	-29.4336
24	-29.4336
24	-29.4336
24	-29.4336
24	-29.4336
24	-29.4336
24	-29.4336
24	-29.4336
24	-29.4336
24	-29.4336
24	-29.4336
24	-29.4336
24	-29.4336
24	-29.4336
24	-29.4336
25	-29.4336
25	-29.4336
25	-29.4336
25	-29.4336
25	-29.4336
25	-29.4336
25	-29.4336
25	-29.4336
25	-29.4336
25	-29.4336
25	-29.4336
25	-29.4336
25	-29.4336
25	-29.4336
25	-29.4336
25	-29.4336
25	-29.4336
25	-29.4336
25	-29.4336
25	-29.4336
25	-29.5215
25	-29.5215
25	-29.5215
25	-29.5215
25	-29.5215
25	-29.5215
25	-29.5215
25	-29.5215
25	-29.5215
25	-29.5215
25	-29.5215
25	-29.5215
25	-29.5215
25	-29.5215
25	-29.5215
25	-29.5215
25	-29.5215
25	-29.5215
25	-29.5215
25	-29.5215
25	-29.5215
25	-29.5215
25	-29.5215
25	-29.5215
25	-29.5215
25	-29.5215
25	-29.5215
25	-29.5215
25	-29.5215
25	-29.5215
25	-29.5215
25	-29.5215
25	-29.5215
25	-29.5215
25	-29.5215
25	-29.5215
25	-29.5215
25	-29.5215
25	-29.5215
25	-29.5215
25	-29.5215
25	-29.5215
25	-29.5215
25	-29.5215
25	-29.5215
25	-29.5215
25	-29.5215
25	-29.5215
25	-29.5215
25	-29.5215
25	-29.5215
25	-29.5215
25	-29.5215
25	-29.5215
25	-29.5215
25	-29.5215
25	-29.5215
25	-29.6094
25	-29.6094
25	-29.6094
25	-29.6094
25	-29.6094
25	-29.6094
25	-29.6094
25	-29.6094
25	-29.6094
25	-29.6094
25	-29.6094
25	-29.6094
25	-29.6094
25	-29.6094
25	-29.6094
25	-29.6094
25	-29.6094
25	-29.6094
25	-29.6094
25	-29.6094
25	-29.6094
25	-29.6094
25	-29.6094
25	-29.6094
25	-29.6094
25	-29.6094
25	-29.6094
25	-29.6094
25	-29.6094
25	-29.6094
25	-29.6094
25	-29.6094
25	-29.6094
25	-29.6094
25	-29.6094
25	-29.6094
25	-29.6094
25	-29.6094
25	-29.6094
25	-29.6094
25	-29.6094
25	-29.6094
25	-29.6094
25	-29.6094
25	-29.6094
25	-29.6094
25	-29.6094
25	-29.6094
25	-29.6094
25	-29.6094
25	-29.6094
25	-29.6094
25	-29.6094
25	-29.6094
25	-29.6094
25	-29.6094
25	-29.6094
25	-29.6094
25	-29.6094
25	-29.6094
25	-29.6094
25	-29.6094
25	-29.6094
25	-29.6094
25	-29.6094
25	-29.6094
25	-29.6094
25	-29.6094
25	-29.6094
25	-29.6094
25	-29.6094
25	-29.6094
25	-29.6094
25	-29.6094
25	-29.6094
25	-29.6094
25	-29.6094
25	-29.6094
25	-29.6094
25	-29.6094
25	-29.6094
25	-29.6094
25	-29.6094
25	-29.6094
25	-29.6094
25	-29.6094
25	-29.6094
25	-29.6094
25	-29.6094
25	-29.6094
25	-29.6094
25	-29.6094
25	-29.6094
25	-29.6094
25	-29.6094
25	-29.6094
25	-29.6094
25	-29.6094
25	-29.6094
25	-29.6094
25	-29.6094
25	-29.6094
25	-29.6094
25	-29.6094
25	-29.6094
25	-29.6094
25	-29.6094
25	-29.6094
25	-29.6094
25	-29.6094
25	-29.6094
25	-29.6094
25	-29.6094
25	-29.6094
25	-29.6094
25	-29.6094
25	-29.6094
25	-29.6094
25	-29.6094
25	-29.6094
25	-29.6094
25	-29.6094
26	-29.6094
26	-29.6094
26	-29.6094
26	-29.6094
26	-29.6094
26	-29.6094
26	-29.6094
26	-29.6094
26	-29.6094
26	-29.6094
26	-29.6094
26	-29.6094
26	-29.6094
26	-29.6094
26	-29.6094
26	-29.6094
26	-29.6094
26	-29.6094
26	-29.6094
26	-29.6094
26	-29.6094
26	-29.6094
26	-29.6094
26	-29.6094
26	-29.6094
26	-29.6094
26	-29.6094
26	-29.6094
26	-29.6094
26	-29.6094
26	-29.6094
26	-29.6094
26	-29.6094
26	-29.6094
26	-29.6094
26	-29.6094
26	-29.6094
26	-29.6094
26	-29.6094
26	-29.6094
26	-29.6094
26	-29.6094
26	-29.6094
26	-29.6094
26	-29.6094
26	-29.6094
26	-29.6094
26	-29.6094
26	-29.6094
26	-29.6094
26	-29.6094
26	-29.6094
26	-29.6094
26	-29.6094
26	-29.6094
26	-29.6094
26	-29.6094
26	-29.6094
26	-29.6094
26	-29.6094
26	-29.6094
26	-29.6094
26	-29.6094
26	-29.6094
26	-29.6094
26	-29.6094
26	-29.6094
26	-29.6094
26	-29.6094
26	-29.6094
26	-29.6094
26	-29.6094
26	-29.6094
26	-29.6094
26	-29.6094
26	-29.6094
26	-29.6094
26	-29.6094
26	-29.6094
26	-29.6094
26	-29.6094
26	-29.6094
26	-29.6094
26	-29.6094
26	-29.6094
26	-29.6094
26	-29.6094
26	-29.6094
26	-29.6094
26	-29.6094
26	-29.6094
26	-29.6094
26	-29.6094
26	-29.6094
26	-29.6094
26	-29.6094
26	-29.6094
26	-29.6094
26	-29.6094
26	-29.6094
26	-29.6094
26	-29.6094
26	-29.6094
26	-29.6094
26	-29.6094
26	-29.6094
26	-29.6094
26	-29.6094
26	-29.6094
26	-29.6094
26	-29.6094
26	-29.6094
26	-29.6094
26	-29.6094
26	-29.6094
26	-29.6094
26	-29.6094
26	-29.6094
26	-29.6094
26	-29.6094
26	-29.6094
26	-29.6094
26	-29.6094
26	-29.5215
26	-29.5215
26	-29.5215
26	-29.5215
26	-29.5215
26	-29.5215
26	-29.5215
26	-29.5215
26	-29.5215
26	-29.5215
26	-29.5215
26	-29.5215
26	-29.5215
26	-29.5215
26	-29.5215
26	-29.5215
26	-29.5215
26	-29.5215
26	-29.5215
26	-29.5215
26	-29.5215
26	-29.5215
26	-29.5215
26	-29.5215
26	-29.5215
26	-29.5215
26	-29.5215
26	-29.5215
26	-29.5215
26	-29.5215
26	-29.5215
26	-29.5215
26	-29.5215
26	-29.5215
26	-29.5215
26	-29.5215
26	-29.5215
26	-29.5215
26	-29.5215
26	-29.5215
26	-29.5215
26	-29.5215
26	-29.5215
26	-29.5215
26	-29.5215
26	-29.5215
26	-29.5215
26	-29.5215
26	-29.5215
26	-29.5215
26	-29.5215
26	-29.5215
26	-29.5215
26	-29.5215
26	-29.5215
26	-29.5215
26	-29.4336
26	-29.4336
26	-29.4336
26	-29.4336
26	-29.4336
26	-29.4336
26	-29.4336
26	-29.4336
26	-29.4336
26	-29.4336
26	-29.4336
26	-29.4336
26	-29.4336
26	-29.4336
26	-29.4336
26	-29.4336
26	-29.4336
26	-29.4336
26	-29.4336
26	-29.4336
26	-29.4336
26	-29.4336
27	-29.4336
27	-29.4336
27	-29.4336
27	-29.4336
27	-29.4336
27	-29.4336
27	-29.4336
27	-29.4336
27	-29.4336
27	-29.4336
27	-29.4336
27	-29.4336
27	-29.4336
27	-29.4336
27	-29.4336
27	-29.4336
27	-29.4336
27	-29.4336
27	-29.4336
27	-29.4336
27	-29.4336
27	-29.4336
27	-29.3457
27	-29.3457
27	-29.3457
27	-29.3457
27	-29.3457
27	-29.3457
27	-29.3457
27	-29.3457
27	-29.3457
27	-29.3457
27	-29.3457
27	-29.3457
27	-29.3457
27	-29.3457
27	-29.3457
27	-29.3457
27	-29.3457
27	-29.3457
27	-29.3457
27	-29.3457
27	-29.3457
27	-29.3457
27	-29.3457
27	-29.3457
27	-29.3457
27	-29.3457
27	-29.3457
27	-29.3457
27	-29.3457
27	-29.3457
27	-29.3457
27	-29.3457
27	-29.3457
27	-29.3457
27	-29.3457
27	-29.3457
27	-29.3457
27	-29.3457
27	-29.3457
27	-29.3457
27	-29.3457
27	-29.3457
27	-29.3457
27	-29.3457
27	-29.3457
27	-29.3457
27	-29.3457
27	-29.2578
27	-29.2578
27	-29.2578
27	-29.2578
27	-29.2578
27	-29.2578
27	-29.2578
27	-29.2578
27	-29.2578
27	-29.2578
27	-29.2578
27	-29.2578
27	-29.2578
27	-29.2578
27	-29.2578
27	-29.2578
27	-29.2578
27	-29.2578
27	-29.2578
27	-29.2578
27	-29.2578
27	-29.2578
27	-29.2578
27	-29.2578
27	-29.2578
27	-29.2578
27	-29.2578
27	-29.2578
27	-29.2578
27	-29.2578
27	-29.2578
27	-29.2578
27	-29.2578
27	-29.2578
27	-29.2578
27	-29.2578
27	-29.2578
27	-29.2578
27	-29.2578
27	-29.2578
27	-29.2578
27	-29.2578
27	-29.2578
27	-29.2578
27	-29.2578
27	-29.2578
27	-29.1699
27	-29.1699
27	-29.1699
27	-29.1699
27	-29.1699
27	-29.1699
27	-29.1699
27	-29.1699
27	-29.1699
27	-29.1699
27	-29.1699
27	-29.1699
27	-29.1699
27	-29.1699
27	-29.1699
27	-29.1699
27	-29.1699
27	-29.1699
27	-29.1699
27	-29.1699
27	-29.1699
27	-29.1699
27	-29.1699
27	-29.1699
27	-29.1699
27	-29.1699
27	-29.1699
27	-29.1699
27	-29.1699
27	-29.1699
27	-29.1699
27	-29.1699
27	-29.1699
27	-29.1699
27	-29.1699
27	-29.1699
27	-29.1699
27	-29.1699
27	-29.1699
27	-29.1699
27	-29.1699
27	-29.1699
27	-29.1699
27	-29.1699
27	-29.1699
27	-29.1699
27	-29.1699
27	-29.1699
27	-29.1699
27	-29.1699
27	-29.1699
27	-29.1699
27	-29.1699
27	-29.1699
27	-29.1699
27	-29.1699
27	-29.1699
27	-29.1699
27	-29.1699
27	-29.1699
27	-29.1699
27	-29.082
27	-29.082
27	-29.082
27	-29.082
27	-29.082
27	-29.082
27	-29.082
27	-29.082
27	-29.082
27	-29.082
27	-29.082
27	-29.082
27	-29.082
27	-29.082
27	-29.082
27	-29.082
27	-29.082
27	-29.082
27	-29.082
27	-29.082
27	-29.082
27	-29.082
27	-29.082
28	-29.082
28	-29.082
28	-29.082
28	-29.082
28	-29.082
28	-29.082
28	-29.082
28	-29.082
28	-29.082
28	-29.082
28	-29.082
28	-29.082
28	-29.082
28	-29.082
28	-29.082
28	-29.082
28	-29.082
28	-29.082
28	-29.082
28	-29.082
28	-29.082
28	-29.082
28	-29.082
28	-29.082
28	-29.082
28	-29.082
28	-29.082
28	-29.082
28	-29.082
28	-29.082
28	-29.082
28	-29.082
28	-29.082
28	-29.082
28	-29.082
28	-29.082
28	-29.082
28	-29.082
28	-29.082
28	-29.082
28	-29.082
28	-29.082
28	-29.082
28	-29.082
28	-29.082
28	-29.082
28	-29.082
28	-29.082
28	-29.082
28	-29.082
28	-29.082
28	-29.082
28	-29.082
28	-29.082
28	-29.082
28	-29.082
28	-29.082
28	-29.082
28	-29.082
28	-29.082
28	-29.082
28	-29.082
28	-29.082
28	-29.082
28	-29.082
28	-29.082
28	-29.082
28	-29.082
28	-29.082
28	-29.082
28	-29.082
28	-29.082
28	-29.082
28	-29.082
28	-29.082
28	-29.082
28	-29.082
28	-29.082
28	-29.082
28	-29.082
28	-29.082
28	-29.082
28	-29.082
28	-29.082
28	-29.082
28	-29.082
28	-29.082
28	-29.082
28	-29.082
28	-29.082
28	-29.082
28	-29.082
28	-29.082
28	-29.082
28	-29.082
28	-29.082
28	-29.082
28	-29.082
28	-29.082
28	-29.082
28	-29.082
28	-29.082
28	-29.082
28	-29.082
28	-29.082
28	-29.082
28	-29.082
28	-29.082
28	-29.082
28	-29.082
28	-29.082
28	-29.082
28	-29.082
28	-29.082
28	-29.082
28	-29.082
28	-29.082
28	-29.082
28	-29.082
28	-29.082
28	-29.082
28	-29.082
28	-29.082
28	-29.082
28	-29.082
28	-29.082
28	-29.082
28	-29.082
28	-29.082
28	-29.082
28	-29.082
28	-29.082
28	-29.082
28	-29.082
28	-29.082
28	-29.082
28	-29.082
28	-29.082
28	-29.082
28	-29.082
28	-29.082
28	-29.082
28	-29.082
28	-29.082
28	-29.082
28	-29.082
28	-29.082
28	-29.082
28	-29.082
28	-29.082
28	-29.082
28	-29.082
28	-29.082
28	-29.082
28	-29.082
28	-29.082
28	-29.082
28	-29.082
28	-29.082
28	-29.082
28	-29.082
28	-29.082
28	-29.082
28	-29.082
28	-29.082
28	-29.082
28	-29.082
28	-29.082
28	-29.082
28	-29.082
28	-29.082
28	-29.082
28	-29.082
28	-29.082
28	-29.082
28	-29.082
28	-29.082
28	-29.082
28	-29.082
28	-29.082
28	-29.082
28	-29.082
28	-29.082
28	-29.082
28	-29.082
28	-29.082
28	-29.082
28	-29.082
28	-29.082
28	-29.082
28	-29.082
28	-29.082
28	-29.082
28	-29.082
28	-29.082
28	-29.082
28	-29.082
28	-29.082
28	-29.1699
28	-29.1699
28	-29.1699
29	-29.1699
29	-29.1699
29	-29.1699
29	-29.1699
29	-29.1699
29	-29.1699
29	-29.1699
29	-29.1699
29	-29.1699
29	-29.1699
29	-29.1699
29	-29.1699
29	-29.1699
29	-29.1699
29	-29.1699
29	-29.1699
29	-29.1699
29	-29.1699
29	-29.1699
29	-29.1699
29	-29.1699
29	-29.1699
29	-29.1699
29	-29.1699
29	-29.1699
29	-29.1699
29	-29.1699
29	-29.1699
29	-29.1699
29	-29.1699
29	-29.1699
29	-29.1699
29	-29.1699
29	-29.1699
29	-29.1699
29	-29.1699
29	-29.1699
29	-29.1699
29	-29.1699
29	-29.1699
29	-29.1699
29	-29.1699
29	-29.1699
29	-29.1699
29	-29.1699
29	-29.1699
29	-29.1699
29	-29.1699
29	-29.1699
29	-29.1699
29	-29.1699
29	-29.1699
29	-29.1699
29	-29.1699
29	-29.1699
29	-29.1699
29	-29.1699
29	-29.1699
29	-29.1699
29	-29.2578
29	-29.2578
29	-29.2578
29	-29.2578
29	-29.2578
29	-29.2578
29	-29.2578
29	-29.2578
29	-29.2578
29	-29.2578
29	-29.2578
29	-29.2578
29	-29.2578
29	-29.2578
29	-29.2578
29	-29.2578
29	-29.2578
29	-29.2578
29	-29.2578
29	-29.2578
29	-29.2578
29	-29.2578
29	-29.2578
29	-29.2578
29	-29.2578
29	-29.2578
29	-29.2578
29	-29.2578
29	-29.2578
29	-29.2578
29	-29.2578
29	-29.2578
29	-29.2578
29	-29.2578
29	-29.2578
29	-29.2578
29	-29.2578
29	-29.2578
29	-29.2578
29	-29.2578
29	-29.2578
29	-29.2578
29	-29.2578
29	-29.2578
29	-29.2578
29	-29.2578
29	-29.2578
29	-29.2578
29	-29.3457
29	-29.3457
29	-29.3457
29	-29.3457
29	-29.3457
29	-29.3457
29	-29.3457
29	-29.3457
29	-29.3457
29	-29.3457
29	-29.3457
29	-29.3457
29	-29.3457
29	-29.3457
29	-29.3457
29	-29.3457
29	-29.3457
29	-29.3457
29	-29.3457
29	-29.3457
29	-29.3457
29	-29.3457
29	-29.3457
29	-29.3457
29	-29.3457
29	-29.3457
29	-29.3457
29	-29.3457
29	-29.3457
29	-29.3457
29	-29.3457
29	-29.3457
29	-29.3457
29	-29.3457
29	-29.3457
29	-29.3457
29	-29.3457
29	-29.3457
29	-29.3457
29	-29.3457
29	-29.3457
29	-29.3457
29	-29.3457
29	-29.3457
29	-29.4336
29	-29.4336
29	-29.4336
29	-29.4336
29	-29.4336
29	-29.4336
29	-29.4336
29	-29.4336
29	-29.4336
29	-29.4336
29	-29.4336
29	-29.4336
29	-29.4336
29	-29.4336
29	-29.4336
29	-29.4336
29	-29.4336
29	-29.4336
29	-29.4336
29	-29.4336
29	-29.4336
29	-29.4336
29	-29.4336
29	-29.4336
29	-29.4336
29	-29.4336
29	-29.4336
29	-29.4336
29	-29.4336
29	-29.4336
29	-29.4336
29	-29.4336
29	-29.4336
29	-29.4336
29	-29.4336
29	-29.4336
29	-29.4336
29	-29.4336
29	-29.5215
29	-29.5215
29	-29.5215
29	-29.5215
29	-29.5215
29	-29.5215
29	-29.5215
29	-29.5215
29	-29.5215
29	-29.5215
30	-29.5215
30	-29.5215
30	-29.5215
30	-29.5215
30	-29.5215
30	-29.5215
30	-29.5215
30	-29.5215
30	-29.5215
30	-29.5215
30	-29.5215
30	-29.5215
30	-29.5215
30	-29.5215
30	-29.5215
30	-29.5215
30	-29.5215
30	-29.5215
30	-29.5215
30	-29.5215
30	-29.5215
30	-29.5215
30	-29.5215
30	-29.5215
30	-29.5215
30	-29.5215
30	-29.5215
30	-29.5215
30	-29.5215
30	-29.5215
30	-29.5215
30	-29.5215
30	-29.5215
30	-29.5215
30	-29.5215
30	-29.5215
30	-29.5215
30	-29.5215
30	-29.5215
30	-29.5215
30	-29.6094
30	-29.6094
30	-29.6094
30	-29.6094
30	-29.6094
30	-29.6094
30	-29.6094
30	-29.6094
30	-29.6094
30	-29.6094
30	-29.6094
30	-29.6094
30	-29.6094
30	-29.6094
30	-29.6094
30	-29.6094
30	-29.6094
30	-29.6094
30	-29.6094
30	-29.6094
30	-29.6094
30	-29.6094
30	-29.6094
30	-29.6094
30	-29.6094
30	-29.6094
30	-29.6094
30	-29.6094
30	-29.6094
30	-29.6094
30	-29.6094
30	-29.6094
30	-29.6094
30	-29.6094
30	-29.6094
30	-29.6094
30	-29.6094
30	-29.6094
30	-29.6094
30	-29.6094
30	-29.6094
30	-29.6094
30	-29.6094
30	-29.6094
30	-29.6094
30	-29.6094
30	-29.6094
30	-29.6094
30	-29.6094
30	-29.6094
30	-29.6094
30	-29.6094
30	-29.6094
30	-29.6094
30	-29.6094
30	-29.6094
30	-29.6094
30	-29.6094
30	-29.6094
30	-29.6094
30	-29.6094
30	-29.6094
30	-29.6094
30	-29.6094
30	-29.6094
30	-29.6094
30	-29.6094
30	-29.6094
30	-29.6094
30	-29.6094
30	-29.6094
30	-29.6094
30	-29.6094
30	-29.6094
30	-29.6973
30	-29.6973
30	-29.6973
30	-29.6973
30	-29.6973
30	-29.6973
30	-29.6973
30	-29.6973
30	-29.6973
30	-29.6973
30	-29.6973
30	-29.6973
30	-29.6973
30	-29.6973
30	-29.6973
30	-29.6973
30	-29.6973
30	-29.6973
30	-29.6973
30	-29.6973
30	-29.6973
30	-29.6973
30	-29.6973
30	-29.6973
30	-29.6973
30	-29.6973
30	-29.6973
30	-29.6973
30	-29.6973
30	-29.6973
30	-29.6973
30	-29.6973
30	-29.6973
30	-29.6973
30	-29.6973
30	-29.6973
30	-29.6973
30	-29.6973
30	-29.6973
30	-29.6973
30	-29.6973
30	-29.6973
30	-29.6973
30	-29.6973
30	-29.6973
30	-29.6973
30	-29.6973
30	-29.6973
30	-29.6973
30	-29.6973
30	-29.6973
30	-29.6973
30	-29.6973
30	-29.6973
30	-29.6973
30	-29.6973
30	-29.6973
30	-29.6973
30	-29.6973
30	-29.6973
30	-29.6973
30	-29.6973
30	-29.6973
30	-29.6973
30	-29.6973
30	-29.6973
30	-29.6973
30	-29.6973
30	-29.6973
30	-29.6973
30	-29.6973
30	-29.6973
30	-29.6973
30	-29.6973
30	-29.6973
30	-29.6973
30	-29.6973
30	-29.6973
30	-29.6973
30	-29.6973
30	-29.6973
30	-29.6973
30	-29.6973
30	-29.6973
30	-29.6973
30	-29.6973
30	-29.6973
31	-29.6973
31	-29.6973
31	-29.6973
31	-29.6973
31	-29.6973
31	-29.6973
31	-29.6973
31	-29.6973
31	-29.6973
31	-29.6973
31	-29.6973
31	-29.6973
31	-29.6973
31	-29.6973
31	-29.6973
31	-29.6973
31	-29.6973
31	-29.6973
31	-29.6973
31	-29.6973
31	-29.6973
31	-29.6973
31	-29.6973
31	-29.6973
31	-29.6973
31	-29.6973
31	-29.6973
31	-29.6973
31	-29.6973
31	-29.6973
31	-29.6973
31	-29.6973
31	-29.6973
31	-29.6973
31	-29.6973
31	-29.6973
31	-29.6973
31	-29.6973
31	-29.6973
31	-29.6973
31	-29.6973
31	-29.6973
31	-29.6973
31	-29.6973
31	-29.6973
31	-29.6973
31	-29.6973
31	-29.6973
31	-29.6973
31	-29.6973
31	-29.6973
31	-29.6973
31	-29.6973
31	-29.6973
31	-29.6973
31	-29.6973
31	-29.6973
31	-29.6973
31	-29.6973
31	-29.6973
31	-29.6973
31	-29.6973
31	-29.6973
31	-29.6973
31	-29.6973
31	-29.6973
31	-29.6973
31	-29.6973
31	-29.6973
31	-29.6973
31	-29.6973
31	-29.6973
31	-29.6973
31	-29.6973
31	-29.6973
31	-29.6973
31	-29.6973
31	-29.6973
31	-29.6973
31	-29.6973
31	-29.6973
31	-29.6973
31	-29.6973
31	-29.6973
31	-29.6973
31	-29.6973
31	-29.6973
31	-29.6973
31	-29.6973
31	-29.6973
31	-29.6094
31	-29.6094
31	-29.6094
31	-29.6094
31	-29.6094
31	-29.6094
31	-29.6094
31	-29.6094
31	-29.6094
31	-29.6094
31	-29.6094
31	-29.6094
31	-29.6094
31	-29.6094
31	-29.6094
31	-29.6094
31	-29.6094
31	-29.6094
31	-29.6094
31	-29.6094
31	-29.6094
31	-29.6094
31	-29.6094
31	-29.6094
31	-29.6094
31	-29.6094
31	-29.6094
31	-29.6094
31	-29.6094
31	-29.6094
31	-29.6094
31	-29.6094
31	-29.6094
31	-29.6094
31	-29.6094
31	-29.6094
31	-29.6094
31	-29.6094
31	-29.6094
31	-29.6094
31	-29.6094
31	-29.6094
31	-29.6094
31	-29.6094
31	-29.6094
31	-29.6094
31	-29.6094
31	-29.6094
31	-29.6094
31	-29.6094
31	-29.6094
31	-29.6094
31	-29.6094
31	-29.6094
31	-29.6094
31	-29.6094
31	-29.6094
31	-29.6094
31	-29.6094
31	-29.6094
31	-29.6094
31	-29.6094
31	-29.6094
31	-29.6094
31	-29.6094
31	-29.6094
31	-29.6094
31	-29.6094
31	-29.6094
31	-29.6094
31	-29.6094
31	-29.6094
31	-29.6094
31	-29.6094
31	-29.6094
31	-29.5215
31	-29.5215
31	-29.5215
31	-29.5215
31	-29.5215
31	-29.5215
31	-29.5215
31	-29.5215
31	-29.5215
31	-29.5215
31	-29.5215
31	-29.5215
31	-29.5215
31	-29.5215
31	-29.5215
31	-29.5215
31	-29.5215
31	-29.5215
31	-29.5215
31	-29.5215
31	-29.5215
31	-29.5215
31	-29.5215
31	-29.5215
31	-29.5215
31	-29.5215
31	-29.5215
31	-29.5215
31	-29.5215
31	-29.5215
31	-29.5215
31	-29.5215
31	-29.5215
31	-29.5215
32	-29.5215
32	-29.5215
32	-29.5215
32	-29.5215
32	-29.5215
32	-29.5215
32	-29.5215
32	-29.5215
32	-29.5215
32	-29.5215
32	-29.5215
32	-29.5215
32	-29.5215
32	-29.5215
32	-29.5215
32	-29.5215
32	-29.5215
32	-29.5215
32	-29.5215
32	-29.5215
32	-29.5215
32	-29.5215
32	-29.4336
32	-29.4336
32	-29.4336
32	-29.4336
32	-29.4336
32	-29.4336
32	-29.4336
32	-29.4336
32	-29.4336
32	-29.4336
32	-29.4336
32	-29.4336
32	-29.4336
32	-29.4336
32	-29.4336
32	-29.4336
32	-29.4336
32	-29.4336
32	-29.4336
32	-29.4336
32	-29.4336
32	-29.4336
32	-29.4336
32	-29.4336
32	-29.4336
32	-29.4336
32	-29.4336
32	-29.4336
32	-29.4336
32	-29.4336
32	-29.4336
32	-29.4336
32	-29.4336
32	-29.4336
32	-29.4336
32	-29.4336
32	-29.4336
32	-29.4336
32	-29.4336
32	-29.4336
32	-29.4336
32	-29.4336
32	-29.4336
32	-29.4336
32	-29.4336
32	-29.4336
32	-29.4336
32	-29.4336
32	-29.4336
32	-29.4336
32	-29.4336
32	-29.4336
32	-29.4336
32	-29.4336
32	-29.3457
32	-29.3457
32	-29.3457
32	-29.3457
32	-29.3457
32	-29.3457
32	-29.3457
32	-29.3457
32	-29.3457
32	-29.3457
32	-29.3457
32	-29.3457
32	-29.3457
32	-29.3457
32	-29.3457
32	-29.3457
32	-29.3457
32	-29.4336
32	-29.4336
32	-29.4336
32	-29.4336
32	-29.4336
32	-29.4336
32	-29.4336
32	-29.4336
32	-29.4336
32	-29.4336
